743
982
1
6
1
0
0
0
763
481
2
0
0
4
0
0
873
52
1
5
9
0
0
0
808
539
2
0
0
4
0
0
475
519
1
8
2
0
0
0
389
974
2
0
0
5
4
0
332
631
1
5
0
0
0
0
964
320
1
7
8
0
0
0
310
521
1
9
2
0
0
0
445
584
0
0
0
0
0
0
694
749
0
0
0
0
0
0
649
123
2
0
0
7
3
0
894
717
1
0
6
0
0
0
24
747
0
0
0
0
0
0
438
174
1
7
8
0
0
0
18
622
1
0
4
0
0
0
983
232
2
0
0
7
2
0
767
864
0
0
0
0
0
0
956
253
0
0
0
0
0
0
765
356
1
8
8
0
0
0
932
550
1
2
5
0
0
0
203
705
2
0
0
0
3
0
409
740
0
0
0
0
0
0
276
551
2
0
0
0
2
0
373
755
2
0
0
5
2
0
938
843
2
0
0
1
3
0
512
283
1
2
0
0
0
0
582
494
2
0
0
2
4
0
395
873
1
7
1
0
0
0
543
751
2
0
0
8
0
0
533
118
0
0
0
0
0
0
850
26
0
0
0
0
0
0
188
602
0
0
0
0
0
0
52
427
0
0
0
0
0
0
960
584
0
0
0
0
0
0
402
961
2
0
0
7
4
0
351
849
1
9
1
0
0
0
991
274
0
0
0
0
0
0
594
227
0
0
0
0
0
0
572
457
2
0
0
3
4
0
621
185
0
0
0
0
0
0
411
146
0
0
0
0
0
0
611
623
2
0
0
5
4
0
18
215
0
0
0
0
0
0
126
668
1
4
6
0
0
0
576
801
1
6
4
0
0
0
286
810
1
5
4
0
0
0
444
848
2
0
0
4
0
0
221
824
2
0
0
7
2
0
802
225
1
7
3
0
0
0
413
855
2
0
0
1
4
0
914
776
1
3
8
0
0
0
723
361
1
3
8
0
0
0
630
14
0
0
0
0
0
0
489
476
0
0
0
0
0
0
58
290
0
0
0
0
0
0
268
944
2
0
0
5
3
0
33
954
2
0
0
4
4
0
891
285
1
3
3
0
0
0
810
262
0
0
0
0
0
0
11
882
1
3
0
0
0
0
388
71
0
0
0
0
0
0
154
557
0
0
0
0
0
0
889
461
0
0
0
0
0
0
997
938
0
0
0
0
0
0
960
183
1
3
2
0
0
0
495
81
2
0
0
4
0
0
606
272
2
0
0
4
3
0
597
304
1
7
7
0
0
0
902
217
1
6
7
0
0
0
918
925
1
9
7
0
0
0
475
732
0
0
0
0
0
0
587
514
1
4
5
0
0
0
598
931
2
0
0
8
3
0
735
24
1
9
1
0
0
0
152
579
2
0
0
7
0
0
2
498
0
0
0
0
0
0
584
244
2
0
0
9
1
0
491
703
0
0
0
0
0
0
469
74
0
0
0
0
0
0
773
800
1
0
3
0
0
0
492
611
0
0
0
0
0
0
415
819
0
0
0
0
0
0
35
502
1
9
0
0
0
0
337
487
0
0
0
0
0
0
371
583
0
0
0
0
0
0
577
211
2
0
0
1
1
0
755
120
0
0
0
0
0
0
480
50
2
0
0
6
1
0
269
176
0
0
0
0
0
0
552
716
0
0
0
0
0
0
849
18
0
0
0
0
0
0
198
668
0
0
0
0
0
0
553
109
2
0
0
6
0
0
900
862
0
0
0
0
0
0
493
439
1
5
0
0
0
0
612
55
0
0
0
0
0
0
748
63
1
3
9
0
0
0
926
541
0
0
0
0
0
0
261
947
1
0
7
0
0
0
56
776
2
0
0
0
1
0
983
198
2
0
0
2
2
0
268
51
1
2
4
0
0
0
495
621
1
7
4
0
0
0
457
281
0
0
0
0
0
0
925
753
2
0
0
4
0
0
328
702
0
0
0
0
0
0
158
480
2
0
0
4
3
0
610
473
1
0
3
0
0
0
85
435
1
6
7
0
0
0
985
184
0
0
0
0
0
0
574
760
0
0
0
0
0
0
403
674
1
5
9
0
0
0
311
416
2
0
0
2
4
0
60
108
2
0
0
2
4
0
938
178
0
0
0
0
0
0
423
220
0
0
0
0
0
0
738
897
2
0
0
0
1
0
722
993
1
7
3
0
0
0
237
578
2
0
0
1
4
0
262
305
0
0
0
0
0
0
475
218
0
0
0
0
0
0
259
740
2
0
0
4
3
0
793
873
1
8
0
0
0
0
886
502
2
0
0
5
4
0
504
441
0
0
0
0
0
0
454
380
2
0
0
4
4
0
874
811
1
4
1
0
0
0
545
439
0
0
0
0
0
0
104
220
0
0
0
0
0
0
939
37
0
0
0
0
0
0
272
482
1
7
9
0
0
0
754
628
0
0
0
0
0
0
693
661
2
0
0
7
1
0
46
651
0
0
0
0
0
0
784
118
0
0
0
0
0
0
542
829
2
0
0
0
4
0
10
762
1
9
0
0
0
0
403
840
0
0
0
0
0
0
147
762
2
0
0
6
4
0
757
784
1
0
4
0
0
0
804
100
1
7
2
0
0
0
938
912
1
2
5
0
0
0
108
663
0
0
0
0
0
0
114
16
1
2
4
0
0
0
496
141
2
0
0
4
4
0
948
269
1
5
9
0
0
0
927
493
2
0
0
9
0
0
888
913
0
0
0
0
0
0
409
739
0
0
0
0
0
0
163
129
0
0
0
0
0
0
415
316
0
0
0
0
0
0
977
620
1
0
7
0
0
0
380
637
1
8
0
0
0
0
797
186
2
0
0
4
1
0
628
718
1
7
2
0
0
0
746
953
1
9
5
0
0
0
498
325
1
7
5
0
0
0
778
873
0
0
0
0
0
0
147
155
0
0
0
0
0
0
844
733
0
0
0
0
0
0
281
267
0
0
0
0
0
0
976
707
1
4
0
0
0
0
964
613
1
1
3
0
0
0
495
712
1
6
2
0
0
0
755
499
2
0
0
9
3
0
622
25
0
0
0
0
0
0
873
860
2
0
0
0
4
0
959
682
0
0
0
0
0
0
19
154
2
0
0
5
4
0
703
266
2
0
0
3
4
0
607
907
2
0
0
7
0
0
577
586
2
0
0
3
1
0
384
346
2
0
0
9
0
0
822
350
1
3
4
0
0
0
480
113
2
0
0
2
4
0
339
382
1
6
5
0
0
0
278
460
0
0
0
0
0
0
562
244
1
5
0
0
0
0
898
549
1
8
1
0
0
0
771
159
0
0
0
0
0
0
880
766
2
0
0
5
2
0
122
159
0
0
0
0
0
0
817
857
0
0
0
0
0
0
40
102
1
7
3
0
0
0
712
841
2
0
0
0
1
0
722
905
2
0
0
0
0
0
552
80
2
0
0
9
3
0
518
770
0
0
0
0
0
0
367
473
0
0
0
0
0
0
668
396
2
0
0
4
1
0
447
904
1
7
3
0
0
0
49
542
0
0
0
0
0
0
962
344
0
0
0
0
0
0
843
196
2
0
0
2
3
0
366
785
0
0
0
0
0
0
933
222
2
0
0
0
0
0
98
244
2
0
0
4
4
0
306
518
1
8
7
0
0
0
27
555
0
0
0
0
0
0
