241
65
1
8
7
0
0
0
854
902
1
6
3
0
0
0
258
669
1
5
6
0
0
0
512
531
1
2
8
0
0
0
85
871
2
0
0
5
2
0
575
786
2
0
0
9
0
0
328
84
2
0
0
6
0
0
380
887
2
0
0
5
2
0
561
576
2
0
0
0
3
0
158
578
2
0
0
0
4
0
275
444
2
0
0
7
2
0
350
486
1
7
5
0
0
0
430
439
2
0
0
9
4
0
941
884
2
0
0
8
0
0
188
796
1
0
6
0
0
0
653
272
0
0
0
0
0
0
572
952
1
0
9
0
0
0
63
767
1
6
8
0
0
0
854
755
1
1
5
0
0
0
968
198
1
7
2
0
0
0
275
223
0
0
0
0
0
0
624
817
0
0
0
0
0
0
107
59
2
0
0
9
3
0
731
861
1
7
6
0
0
0
146
737
1
7
9
0
0
0
704
227
0
0
0
0
0
0
233
239
0
0
0
0
0
0
156
779
1
2
9
0
0
0
607
236
1
1
5
0
0
0
565
819
2
0
0
9
1
0
545
717
0
0
0
0
0
0
83
269
0
0
0
0
0
0
834
46
1
2
7
0
0
0
148
408
1
3
9
0
0
0
366
73
1
4
3
0
0
0
817
11
0
0
0
0
0
0
158
967
0
0
0
0
0
0
604
750
1
2
5
0
0
0
652
874
1
7
2
0
0
0
41
436
0
0
0
0
0
0
35
430
1
6
2
0
0
0
279
9
2
0
0
8
4
0
375
818
2
0
0
5
4
0
346
419
2
0
0
1
1
0
392
156
0
0
0
0
0
0
817
798
0
0
0
0
0
0
285
680
2
0
0
8
4
0
339
388
0
0
0
0
0
0
151
229
1
5
6
0
0
0
954
907
0
0
0
0
0
0
413
173
1
1
6
0
0
0
707
994
0
0
0
0
0
0
65
31
2
0
0
7
3
0
363
595
0
0
0
0
0
0
303
367
2
0
0
1
0
0
34
73
2
0
0
5
1
0
971
154
0
0
0
0
0
0
529
675
0
0
0
0
0
0
132
910
0
0
0
0
0
0
552
269
0
0
0
0
0
0
47
673
0
0
0
0
0
0
981
623
0
0
0
0
0
0
525
51
1
2
3
0
0
0
96
911
1
8
2
0
0
0
535
459
1
3
9
0
0
0
756
881
2
0
0
0
2
0
902
474
0
0
0
0
0
0
816
821
0
0
0
0
0
0
734
341
0
0
0
0
0
0
433
620
0
0
0
0
0
0
227
734
2
0
0
4
4
0
317
581
1
5
1
0
0
0
960
601
1
1
6
0
0
0
660
398
2
0
0
4
0
0
17
37
1
1
5
0
0
0
604
74
2
0
0
3
4
0
567
864
0
0
0
0
0
0
654
228
0
0
0
0
0
0
426
522
1
7
0
0
0
0
425
849
2
0
0
5
2
0
835
734
1
4
1
0
0
0
391
609
1
7
4
0
0
0
239
898
0
0
0
0
0
0
413
38
2
0
0
4
4
0
758
297
2
0
0
2
1
0
333
562
0
0
0
0
0
0
309
813
2
0
0
5
4
0
654
404
2
0
0
7
2
0
781
894
1
1
9
0
0
0
873
760
0
0
0
0
0
0
566
561
2
0
0
6
4
0
53
577
2
0
0
9
2
0
707
743
2
0
0
6
4
0
355
820
0
0
0
0
0
0
221
512
1
0
3
0
0
0
501
522
0
0
0
0
0
0
84
821
2
0
0
3
3
0
876
613
0
0
0
0
0
0
684
386
0
0
0
0
0
0
227
927
0
0
0
0
0
0
408
917
1
1
2
0
0
0
772
803
0
0
0
0
0
0
798
891
0
0
0
0
0
0
738
507
1
1
9
0
0
0
372
835
2
0
0
5
4
0
987
27
1
2
1
0
0
0
130
473
1
2
8
0
0
0
223
834
0
0
0
0
0
0
836
871
1
6
3
0
0
0
762
447
1
6
3
0
0
0
138
506
2
0
0
5
3
0
704
81
1
5
2
0
0
0
771
995
1
7
7
0
0
0
408
616
0
0
0
0
0
0
407
458
1
8
6
0
0
0
180
719
0
0
0
0
0
0
757
458
2
0
0
0
2
0
405
805
2
0
0
8
4
0
615
121
0
0
0
0
0
0
930
431
1
4
0
0
0
0
334
934
0
0
0
0
0
0
2
399
0
0
0
0
0
0
82
620
0
0
0
0
0
0
331
335
0
0
0
0
0
0
774
17
1
1
0
0
0
0
242
304
1
1
5
0
0
0
25
829
1
7
1
0
0
0
347
335
1
4
6
0
0
0
862
661
2
0
0
8
0
0
876
47
0
0
0
0
0
0
891
396
2
0
0
2
3
0
647
978
2
0
0
8
2
0
250
534
2
0
0
9
3
0
737
103
2
0
0
0
3
0
772
194
1
4
7
0
0
0
462
603
1
4
8
0
0
0
610
505
1
2
4
0
0
0
447
528
1
8
5
0
0
0
966
360
2
0
0
8
1
0
124
935
2
0
0
4
2
0
470
422
1
1
2
0
0
0
7
554
0
0
0
0
0
0
204
840
2
0
0
6
3
0
541
146
1
0
6
0
0
0
5
862
1
2
1
0
0
0
268
398
1
5
0
0
0
0
678
367
1
4
8
0
0
0
287
878
1
2
2
0
0
0
743
627
0
0
0
0
0
0
313
619
1
4
2
0
0
0
923
919
2
0
0
6
3
0
415
669
0
0
0
0
0
0
593
659
2
0
0
3
3
0
61
260
0
0
0
0
0
0
16
918
0
0
0
0
0
0
859
796
1
9
3
0
0
0
910
319
2
0
0
3
1
0
507
484
2
0
0
4
0
0
741
43
2
0
0
1
1
0
713
115
1
5
3
0
0
0
431
252
1
2
8
0
0
0
94
684
1
5
3
0
0
0
899
10
0
0
0
0
0
0
557
840
2
0
0
5
1
0
421
527
2
0
0
3
1
0
585
240
2
0
0
6
0
0
277
748
2
0
0
3
2
0
741
200
0
0
0
0
0
0
158
214
0
0
0
0
0
0
219
739
2
0
0
4
4
0
99
913
2
0
0
0
3
0
754
689
2
0
0
0
1
0
307
11
1
3
0
0
0
0
621
259
0
0
0
0
0
0
173
874
0
0
0
0
0
0
108
198
0
0
0
0
0
0
390
434
0
0
0
0
0
0
199
29
1
9
5
0
0
0
960
366
0
0
0
0
0
0
794
625
1
2
8
0
0
0
826
378
0
0
0
0
0
0
390
974
0
0
0
0
0
0
506
705
1
3
3
0
0
0
903
713
1
8
0
0
0
0
704
599
1
7
3
0
0
0
890
81
1
2
8
0
0
0
115
849
0
0
0
0
0
0
745
749
0
0
0
0
0
0
154
878
0
0
0
0
0
0
997
956
1
4
1
0
0
0
698
199
0
0
0
0
0
0
78
261
1
1
4
0
0
0
174
617
0
0
0
0
0
0
939
82
1
8
8
0
0
0
645
995
0
0
0
0
0
0
468
330
2
0
0
3
1
0
89
929
1
3
1
0
0
0
723
909
0
0
0
0
0
0
644
263
1
2
6
0
0
0
436
142
1
2
7
0
0
0
