60
----------------------------------------------------
pCzpeILOPpccHrC
3
268
34
7
1
0
----------------------------------------------------
XTEihTVEinTkxzf
2
2493
61
5
1
0
----------------------------------------------------
wMHKXrkNEIunkqK
9
1754
84
4
0
0
----------------------------------------------------
wxrLIIvBIxrlpBV
0
2420
19
5
0
0
----------------------------------------------------
NBoeBJtcaJoJkLJ
8
624
37
9
1
0
----------------------------------------------------
SgJpMXOroncxcKH
8
1246
46
9
0
0
----------------------------------------------------
mxhwEBLXTgwGaaD
3
138
14
3
1
0
----------------------------------------------------
FqJgveexrEqSbob
0
1139
2
1
2
0
----------------------------------------------------
hDXhhBDKvSOkfro
0
3461
93
6
2
0
----------------------------------------------------
PcglMbIkPnIOJak
3
3695
64
4
1
0
----------------------------------------------------
xLeynwoXdTigJoK
9
1961
44
1
1
0
----------------------------------------------------
auhWlfltxIeddHl
2
654
18
7
0
0
----------------------------------------------------
RlNlbSWDeCQuEby
0
3778
22
5
0
0
----------------------------------------------------
eyuhacyxHcWxBSQ
3
3000
12
5
0
0
----------------------------------------------------
kREXfnOrBqVvQlk
5
4434
55
4
0
0
----------------------------------------------------
bfRhoIPIpWKdngt
7
3965
31
4
1
0
----------------------------------------------------
lpuSgrmEFWOPmlN
3
4880
77
2
1
0
----------------------------------------------------
ikIOtbOGoyKoLDS
5
2001
64
1
2
0
----------------------------------------------------
OozYyJpIvUQMlrM
4
1636
67
1
2
0
----------------------------------------------------
tpJVJPftDOLHJHv
6
2896
90
3
0
0
----------------------------------------------------
mNXkydzJrygGgct
3
1463
18
4
0
0
----------------------------------------------------
ScaaXFlNfUwJnWF
1
3011
37
1
2
0
----------------------------------------------------
vQggIgDMYiommfi
9
1031
88
3
1
0
----------------------------------------------------
OMEoERMlLVJChVD
0
2865
43
8
0
0
----------------------------------------------------
WLHldDPQTOyTYaT
6
553
71
2
0
0
----------------------------------------------------
WHkaPqtqqrqxSbW
4
4142
79
5
1
0
----------------------------------------------------
kkvmtzITYlhFnXm
3
1758
1
9
1
0
----------------------------------------------------
ooXGJkWTDXtREmF
2
135
36
7
2
0
----------------------------------------------------
VrGeYJpUiNDYrFm
5
1310
34
3
2
0
----------------------------------------------------
gpOCcnrHFdBkeJy
5
4107
60
3
2
0
----------------------------------------------------
TqDOmTRqXwbHDdq
7
2839
74
6
0
0
----------------------------------------------------
lOxRpTLESbWUNCk
3
2515
34
6
2
0
----------------------------------------------------
iUaFeucbFHNSqBv
2
878
30
8
1
0
----------------------------------------------------
hUWDkrJaFYMmuPY
5
1730
50
4
2
0
----------------------------------------------------
vGpJqUxkyKirSVm
8
4451
12
0
1
0
----------------------------------------------------
HKwRptRgQmubwQe
7
4741
46
4
2
0
----------------------------------------------------
FREaGVuTqbqwTUh
1
345
90
2
0
0
----------------------------------------------------
nUQSOVnTUMifuNm
5
2860
20
3
0
0
----------------------------------------------------
BeMSDPPMSHEkLEc
9
3284
97
1
2
0
----------------------------------------------------
eYOJoHSLWuupCaG
8
3087
69
7
2
0
----------------------------------------------------
CJvzYddVCcMXgwD
8
4401
7
7
2
0
----------------------------------------------------
NMcmoBLDxOQvCPY
4
4353
45
3
0
0
----------------------------------------------------
dbEqfXdlcptMHiQ
8
4385
15
9
1
0
----------------------------------------------------
vMDdvnDucoCqhcv
4
224
9
4
0
0
----------------------------------------------------
enhbSeQeEVPapPl
4
709
73
1
2
0
----------------------------------------------------
yynYRBLBOHkUlrq
9
3034
11
1
2
0
----------------------------------------------------
ooSGWWPHyNRfXTd
6
4794
96
8
2
0
----------------------------------------------------
dSaIlaSBMPeSXmO
8
4025
54
0
0
0
----------------------------------------------------
WCuLaeHNuNvCeEP
8
3214
78
6
1
0
----------------------------------------------------
FRkqtlVobqpPedp
9
4367
56
6
2
0
----------------------------------------------------
oNDDBmXMwXfXBCh
2
2362
32
7
2
0
----------------------------------------------------
xJYxWIwJOgriimC
3
4482
58
3
2
0
----------------------------------------------------
yguFPQdGCNzgENh
0
4366
0
6
1
0
----------------------------------------------------
gVpFBmNrHqXhcBH
9
2993
96
1
2
0
----------------------------------------------------
oFtrdQSoJfVtJSB
5
4311
28
4
1
0
----------------------------------------------------
lmkXEEypxveJSbM
9
2645
15
2
0
0
----------------------------------------------------
dzKacQLWLHkqITa
2
147
85
7
1
0
----------------------------------------------------
QGPTiEdddoRVnpJ
5
3729
0
9
2
0
----------------------------------------------------
JFGdmkBVbQHthEF
1
3338
39
4
2
0
----------------------------------------------------
LihJMDwveCebFlK
6
2041
35
3
0
0
----------------------------------------------------
iXrLMFQIlixVwdL
2
399
78
4
1
0
----------------------------------------------------
PpxTlynigrRJCLf
9
3486
31
2
0
0
----------------------------------------------------
oxOGrLqibzWSCxJ
0
4669
0
1
2
0
----------------------------------------------------
YKDxrWikUExxxxh
5
863
62
9
0
0
----------------------------------------------------
DkQeifGhqiBWEOa
7
4730
83
1
1
0
----------------------------------------------------
KrXgzDILOXLbGww
5
1297
71
4
1
0
----------------------------------------------------
UfKwLnBbnrYaygW
2
3798
21
9
0
0
----------------------------------------------------
CcSBHmPaMcFCetn
8
4248
62
0
2
0
----------------------------------------------------
nhyWoqEmQfqIPFa
4
1181
20
9
0
0
----------------------------------------------------
CguJNpBdbUJlntp
7
203
19
0
0
0
----------------------------------------------------
OnSHuRNUDtpeNwo
8
2072
85
1
2
0
----------------------------------------------------
rCcibcGCfFTcLCS
7
3100
96
4
2
0
----------------------------------------------------
TggdxpSfpXfqGWf
4
560
98
8
1
0
----------------------------------------------------
XyxLbHvSlyQRUkr
3
1645
34
1
0
0
----------------------------------------------------
TQIJtBImRBWaFew
9
3554
34
0
0
0
----------------------------------------------------
GzVthoXOdTVIyeR
6
1691
89
1
2
0
----------------------------------------------------
hgyJqVYalaQEebM
1
3011
17
6
0
0
----------------------------------------------------
VyRiONozTDqTHEN
9
4422
90
0
0
0
----------------------------------------------------
FzbrIhBvpgFehpM
2
1734
62
8
1
0
----------------------------------------------------
zlTCbkDYDlTOlkU
2
4887
14
8
0
0
----------------------------------------------------
MMtcYzWNKTeJtEt
9
4672
30
5
0
0
----------------------------------------------------
qpGKFFvUzGrEOuD
9
4744
26
9
1
0
----------------------------------------------------
JHbEnbKXqhafkBt
8
4202
29
0
1
0
----------------------------------------------------
CCneQxbyxYwXyie
8
2287
2
2
2
0
----------------------------------------------------
nUxVppNLvpNatRu
4
2518
14
1
1
0
----------------------------------------------------
qLMFRvbNROXqbOP
4
306
79
3
2
0
----------------------------------------------------
cQFNEmHWQEfKKWI
1
2432
80
4
0
0
----------------------------------------------------
HuXwMPzUETWvcPW
6
3724
94
9
0
0
----------------------------------------------------
QeDLMMEXugWUekR
9
4127
37
3
1
0
----------------------------------------------------
WFIYGXduVFXwvvp
8
3638
45
0
1
0
----------------------------------------------------
RzYHQRQDIqHuMyK
5
3353
22
7
2
0
----------------------------------------------------
WKzgDEohXFpFQPR
8
2526
71
0
2
0
----------------------------------------------------
rwhTXPQJiKRunTq
9
642
26
6
0
0
----------------------------------------------------
qqOPTGNfKofxpQc
6
2996
82
5
2
0
----------------------------------------------------
QvLUzGENUvaeUzb
0
2637
2
4
0
0
----------------------------------------------------
cyCMoSoMOKiOXhe
1
4695
90
7
2
0
----------------------------------------------------
YnXlUkycUcQIBGe
3
1904
96
5
1
0
----------------------------------------------------
tKlMUvHbhrhTVIk
8
2051
45
9
1
0
----------------------------------------------------
cmhIBEboYMrCOcX
3
1060
22
6
0
0
----------------------------------------------------
MtblmpfzLWFCSuK
8
3454
6
4
2
0
----------------------------------------------------
zROSKxiUTuohkHp
5
83
94
2
0
0
----------------------------------------------------
XSdqzFcihHBMPJq
9
2006
11
7
1
0
----------------------------------------------------
LYQTVNLDJctDTUS
4
4855
29
6
1
0
----------------------------------------------------
XmFbaytdwwTELrK
2
3740
93
5
1
0
----------------------------------------------------
grQTqlLeRtxCqpc
3
2305
13
7
1
0
----------------------------------------------------
kWSDqUvDuCUHElb
4
796
84
7
1
0
----------------------------------------------------
riLzScubXRaQLth
6
4591
85
8
1
0
----------------------------------------------------
PRpMyJUlNRIMrSL
5
2506
81
7
0
0
----------------------------------------------------
MBdNcaWrwIULnce
4
2628
45
1
2
0
----------------------------------------------------
PzLiSDzLmLTISTR
2
2173
10
8
0
0
----------------------------------------------------
MGLeBNfLbUkrutR
2
1955
40
0
1
0
----------------------------------------------------
pNpovmGIieVxPqE
7
2983
74
5
0
0
----------------------------------------------------
QKIpnmtRIlekSTW
5
4308
52
4
1
0
----------------------------------------------------
hbOFafVmrdzzhkk
3
3299
4
6
2
0
----------------------------------------------------
HbMvvQroJQmHnft
5
3229
78
9
1
0
----------------------------------------------------
MKrQtMDdTfqQUXl
4
614
42
8
1
0
----------------------------------------------------
TqygDwIIeIvNVOe
8
4537
44
9
1
0
----------------------------------------------------
FTarWelBvLwVTak
2
4502
43
9
2
0
----------------------------------------------------
tnwWKoHlxkqbuvT
3
237
24
4
1
0
----------------------------------------------------
gWlUQthmLffNaWY
7
4661
75
6
0
0
----------------------------------------------------
hlNtzbBQCIGlmNm
4
3493
88
2
0
0
----------------------------------------------------
oUecwVuXdkhcfOh
4
3174
79
9
0
0
----------------------------------------------------
mESHzXUxipMrwKt
8
3723
98
3
1
0
----------------------------------------------------
cIpFbIwQEFUlXra
9
1934
48
3
1
0
----------------------------------------------------
KvnvlhqOSytQxfd
7
3568
42
6
1
0
----------------------------------------------------
qatFGeIIdCfERyU
7
1852
78
7
0
0
----------------------------------------------------
XVLOPOVQNzyyuVe
9
2840
73
6
2
0
----------------------------------------------------
VlPieYOnxYtrctr
1
2513
31
1
1
0
----------------------------------------------------
HQdTgXEPHwhuQuS
3
570
74
1
1
0
----------------------------------------------------
PyCyOPpCbcuTzcY
8
1592
99
3
2
0
----------------------------------------------------
PWGzaGrUBctyYqW
6
2925
80
9
0
0
----------------------------------------------------
ptWOGkQFdttOMRQ
0
190
74
3
1
0
----------------------------------------------------
TiQOnCCxRzETKJw
5
4995
12
8
1
0
----------------------------------------------------
dBVXvOEiqcLutcS
7
3587
43
5
0
0
----------------------------------------------------
UgOYfbJahDuPJWz
8
3833
58
4
1
0
----------------------------------------------------
pRlolLigxUKHCTN
1
831
1
8
1
0
----------------------------------------------------
RLQLnhRGvUeNBdy
4
2108
61
7
1
0
----------------------------------------------------
NnXniqtHocEhPwr
4
3309
10
7
2
0
----------------------------------------------------
DrwyaYRFThJCFXO
4
670
33
8
0
0
----------------------------------------------------
CSHRqhYPFRmYKKy
0
1291
26
5
1
0
----------------------------------------------------
TvrKhgFfkHdJhwF
8
1983
6
3
1
0
----------------------------------------------------
VGUTlTqlFGaNbzU
6
2359
46
4
0
0
----------------------------------------------------
zMueKxWzXXNBqwW
8
2227
95
7
1
0
----------------------------------------------------
HuzdSJKYgUUILpJ
5
4747
71
2
2
0
----------------------------------------------------
BFFyYraexaLEtYN
4
594
66
8
0
0
----------------------------------------------------
aMXzIzaemoyWkkM
1
2369
94
0
2
0
----------------------------------------------------
KvfkoIKryudHLLi
2
387
80
6
2
0
----------------------------------------------------
OmTOwCzoyDagbmX
5
2151
51
6
2
0
----------------------------------------------------
HiNUImqbakqifND
7
4007
11
5
1
0
----------------------------------------------------
kxuGLDuznxbErWr
7
668
39
2
0
0
----------------------------------------------------
