60
----------------------------------------------------
hMMUSzyCbCZviha
1
4688
65
2
2
0
----------------------------------------------------
DCUImeMDiDcCmCE
6
302
17
1
0
0
----------------------------------------------------
nNSInKeqUMcwrpw
1
725
57
1
2
0
----------------------------------------------------
nvcUXBpvarGfxLx
7
3777
45
1
0
0
----------------------------------------------------
VyybGtHqEEhxemV
4
4743
14
0
1
0
----------------------------------------------------
iulhCiQrINLhqDE
9
3649
87
0
0
0
----------------------------------------------------
JdKawiNHGyYRQzI
1
3720
82
1
0
0
----------------------------------------------------
VyKtcnEfHlANCiB
0
3505
61
2
1
0
----------------------------------------------------
fzNpYTdLJDbMYYA
9
1687
31
1
1
0
----------------------------------------------------
LyMrRuvSKHzctUQ
8
4407
81
0
1
0
----------------------------------------------------
VypyKRuuWpzzkNZ
6
457
51
2
2
0
----------------------------------------------------
DuBhpulASBzYoqy
9
1723
76
2
0
0
----------------------------------------------------
USztlwTkBtJlNFU
3
4864
75
1
2
0
----------------------------------------------------
ZcStnDIBFLwhrXa
5
2574
30
0
1
0
----------------------------------------------------
uqLCDXNyJReAyyx
1
2646
28
2
1
0
----------------------------------------------------
zWwGaxwncNIUQRH
8
2173
7
1
0
0
----------------------------------------------------
FreMugdxIaipqCe
4
2624
80
0
2
0
----------------------------------------------------
blTVtWlMDwRbZGy
8
1637
65
2
0
0
----------------------------------------------------
glTSIRHSFJbeYfH
2
548
78
0
1
0
----------------------------------------------------
cYeTzcKRrieAfZL
3
2589
91
1
0
0
----------------------------------------------------
mRRDHoIJaiZlRwC
3
317
61
1
2
0
----------------------------------------------------
kcKXXeIaSlkyKIE
6
3393
99
0
2
0
----------------------------------------------------
DVqXabZMDQrmuNL
9
1164
16
0
2
0
----------------------------------------------------
fNqMbfZYXyzmXgX
5
2699
68
2
1
0
----------------------------------------------------
dZFZuEJTSYdnTGQ
4
4742
40
0
1
0
----------------------------------------------------
iDfQCfiRLBBaWwU
1
1618
72
2
1
0
----------------------------------------------------
lhFcXtUCFzwKqyT
4
4442
84
0
0
0
----------------------------------------------------
hBRyMJSarQtUtue
1
405
62
2
2
0
----------------------------------------------------
QiiEGqhHrHyYCfN
7
4769
16
1
1
0
----------------------------------------------------
zgwLhmouDnvzpxI
9
1326
45
2
0
0
----------------------------------------------------
yvrXMhcqAcpovcb
2
670
90
2
0
0
----------------------------------------------------
LvvUybBMLxmLamh
3
2577
99
0
1
0
----------------------------------------------------
mHYmkFItmYGWZUl
2
2830
55
0
2
0
----------------------------------------------------
lZehbFCRFuUehMk
6
2556
62
1
0
0
----------------------------------------------------
FVJoVgIVLGvAxbt
5
4598
70
2
2
0
----------------------------------------------------
TTCbCRNJaKtczMk
7
2254
58
1
0
0
----------------------------------------------------
izauTKhGJvdYkAY
2
2609
72
0
2
0
----------------------------------------------------
NbaZXAtrLJGqwYR
2
1593
84
0
0
0
----------------------------------------------------
SvhvzdTdHqTcSYD
7
1809
14
1
1
0
----------------------------------------------------
mIFFgWkEZHnWxVJ
1
3330
20
2
0
0
----------------------------------------------------
qaBvnBDLqBvofVW
3
947
65
1
2
0
----------------------------------------------------
lpTtNHfLnILtVcY
3
4285
40
1
2
0
----------------------------------------------------
dCGDRVTiLJdNpUe
7
1205
33
2
1
0
----------------------------------------------------
JTfHYiQfTlidinb
6
3779
18
0
2
0
----------------------------------------------------
oCMLADrgGKhXFRa
2
4465
21
0
1
0
----------------------------------------------------
TziVwqXDCmdRdiI
0
1054
73
1
2
0
----------------------------------------------------
xYidgNGWvBTERMW
5
3385
19
0
1
0
----------------------------------------------------
mSFNdAZteBLdawo
5
3177
88
0
2
0
----------------------------------------------------
FTegDoednyRAkyt
6
4018
50
1
1
0
----------------------------------------------------
MaklmQMDbUWlcAh
8
3611
21
1
1
0
----------------------------------------------------
adFEMMVwVMHcndq
9
3162
67
1
0
0
----------------------------------------------------
cZeCgwCVaRJuJBu
6
1826
31
0
2
0
----------------------------------------------------
MHRQYfhKbnTIKGY
2
3220
78
0
1
0
----------------------------------------------------
UXapLTwbgDcVqnB
2
2225
88
0
0
0
----------------------------------------------------
wFBRWEinKNVxBTW
5
809
39
0
2
0
----------------------------------------------------
fdyVtWMZDagUyCb
3
2876
75
2
0
0
----------------------------------------------------
kkGiBmtbeIvplTD
7
3126
50
0
0
0
----------------------------------------------------
eVYYSZNGyoRwkdE
7
4969
22
2
1
0
----------------------------------------------------
KrhMQypWumgATdH
2
3978
77
0
1
0
----------------------------------------------------
mWFSRkbhiHMvtEE
7
4406
76
1
2
0
----------------------------------------------------
AwvTeeKvwVLmbYR
1
742
73
1
0
0
----------------------------------------------------
RyUEFZSngJwgIht
2
4351
15
2
0
0
----------------------------------------------------
XZyRMytlSEfJpVF
3
2669
28
1
1
0
----------------------------------------------------
SYdVfZuWtnhBWIU
1
206
75
1
1
0
----------------------------------------------------
YTIpBfknEISxSdQ
9
4324
0
1
0
0
----------------------------------------------------
BWVnCrDgXmBVWha
3
2554
90
1
1
0
----------------------------------------------------
aJzLZTUCXotCJJd
6
2233
83
1
1
0
----------------------------------------------------
nUutmWtYCcuURAl
6
3747
17
1
1
0
----------------------------------------------------
ygyxvRmgRBSnLnt
7
3884
36
1
0
0
----------------------------------------------------
WBnHVhYdcwDtRIr
8
3738
81
0
2
0
----------------------------------------------------
BtMimwwAuYXxLpx
1
74
80
0
0
0
----------------------------------------------------
vWJLuARlMpgHcXp
2
3451
94
1
2
0
----------------------------------------------------
thClbErkMJcrdyv
5
1143
58
2
1
0
----------------------------------------------------
BoCMZoewJAMUoYb
3
3724
33
1
1
0
----------------------------------------------------
JHHZGUlAWhSSvRF
0
4249
28
2
2
0
----------------------------------------------------
HMkvQpTfMwKUnHk
5
2077
7
1
1
0
----------------------------------------------------
kvEDzLRpIiDcnhJ
8
1602
9
0
2
0
----------------------------------------------------
pFkrVXkZqoYgEFz
6
3855
3
2
1
0
----------------------------------------------------
aInAongWTkaySig
8
2228
33
0
1
0
----------------------------------------------------
CveAIAXlgNxzLGL
4
3119
84
2
1
0
----------------------------------------------------
JzbuMUUSvWYVdFc
3
212
70
0
2
0
----------------------------------------------------
ASFnpGUfThkpcQG
8
1842
8
2
2
0
----------------------------------------------------
VWnFnIuzImMucAm
1
393
18
1
1
0
----------------------------------------------------
cwkgpxKhCbyiQbb
0
4672
41
0
2
0
----------------------------------------------------
GLExBdGXWLMVMMv
9
1755
46
1
2
0
----------------------------------------------------
npfNNFifbZEZiUS
6
4690
91
1
1
0
----------------------------------------------------
tClhhVlyfiuuQym
7
4782
72
0
1
0
----------------------------------------------------
yTFTUaQEutZxzkt
9
4950
16
1
1
0
----------------------------------------------------
HhgknpMAgRrvCZN
4
1798
53
1
2
0
----------------------------------------------------
rMoatpBnonRcqCq
6
3359
54
2
0
0
----------------------------------------------------
mHAkxRzRUpxfZxt
5
3163
16
1
0
0
----------------------------------------------------
ahHXDGuraIozZNw
8
1456
32
1
2
0
----------------------------------------------------
rXWIdCZzCXgceCo
4
2396
12
1
2
0
----------------------------------------------------
WnfAgAyQorlaeAt
5
2408
96
1
2
0
----------------------------------------------------
IqQAJneDZHzoZmY
3
2661
61
0
1
0
----------------------------------------------------
ibzhSFJIdlHYKXl
8
1036
62
0
0
0
----------------------------------------------------
MItvVINcNtacpcS
2
3178
15
1
2
0
----------------------------------------------------
ccgJYJnoHngnhqe
5
1513
23
1
0
0
----------------------------------------------------
YcaeFinkeeJQRmN
7
4323
93
1
1
0
----------------------------------------------------
xzkILVyTtIhnVuz
3
4104
79
2
0
0
----------------------------------------------------
JVkmcJecqiFVBgK
7
1536
39
0
2
0
----------------------------------------------------
XunRRwiifdpogcW
2
4899
23
2
2
0
----------------------------------------------------
HKLDqJNhBXVmdWq
9
2012
32
2
0
0
----------------------------------------------------
nqkxAwfHDQdChxS
1
3709
3
1
2
0
----------------------------------------------------
MngwzSfERqIBbqq
6
4100
9
2
2
0
----------------------------------------------------
uRrcvaqSZZppLMH
7
67
24
2
0
0
----------------------------------------------------
SLAHkQGvqRRdNLf
2
3422
43
1
2
0
----------------------------------------------------
GmRNdtniGeAJkuX
5
4814
51
2
0
0
----------------------------------------------------
ITMthgYrIFwUhvN
4
3012
91
0
1
0
----------------------------------------------------
iTphSUcHKfqGbZE
9
1000
55
2
0
0
----------------------------------------------------
TRKCyxWfXWkrAWy
1
4744
13
2
0
0
----------------------------------------------------
ftmbRASwQcafYGM
8
2133
58
2
2
0
----------------------------------------------------
SiJRlKwquKNFXGY
3
71
65
0
1
0
----------------------------------------------------
fEqHUCTIilSSmkq
7
281
9
0
2
0
----------------------------------------------------
EbVASfyfCHoxHem
0
2104
28
2
2
0
----------------------------------------------------
vTdyLwkpRhxzaWM
7
2053
22
1
0
0
----------------------------------------------------
iVzegiixErLMmlV
1
3939
60
2
1
0
----------------------------------------------------
DGLLmpHnXSrnlyI
9
2364
1
1
1
0
----------------------------------------------------
ASZrdXrmfBKtEpr
3
428
24
0
1
0
----------------------------------------------------
hWcCWvTBxHFZbap
6
592
20
1
1
0
----------------------------------------------------
qeFMuHWZDekNzBz
2
3688
95
0
1
0
----------------------------------------------------
IMAdDtLfTbTWEMS
3
1319
53
2
1
0
----------------------------------------------------
rKgHbuwblLbfCqK
6
2108
5
1
0
0
----------------------------------------------------
fNvHgraMZNbxmug
3
145
31
0
2
0
----------------------------------------------------
rgqQdcQhGyNWgLp
6
434
38
2
0
0
----------------------------------------------------
GkeMvwXAwSGGeip
9
753
0
1
0
0
----------------------------------------------------
BdQtMHMpqRgtzNR
6
381
5
2
0
0
----------------------------------------------------
GFayMQrrgLoFUny
1
4610
36
0
1
0
----------------------------------------------------
ZxCmRIIvovRctid
0
138
13
2
1
0
----------------------------------------------------
LrExBGeywcWqSYe
7
4417
56
1
0
0
----------------------------------------------------
zHGSJTumuQcGhcd
1
950
38
2
2
0
----------------------------------------------------
pJfcSQzTFqrQKma
1
4487
7
1
2
0
----------------------------------------------------
ZLHdFmRigHTIIza
7
4644
37
2
1
0
----------------------------------------------------
CGrwYazCNHcTexv
0
3533
80
0
1
0
----------------------------------------------------
uZXNektbcuGviDK
0
334
3
0
1
0
----------------------------------------------------
xNWgfEBicMycxWH
3
527
74
0
1
0
----------------------------------------------------
CrkbItEXDtTpaqr
9
2633
78
0
1
0
----------------------------------------------------
DoGcfbhBluwMUqS
6
3323
30
2
1
0
----------------------------------------------------
yTwiXIeNSNVJCwo
8
3460
72
2
0
0
----------------------------------------------------
crXlBVrnpmYgplK
7
1129
12
1
1
0
----------------------------------------------------
NeBgYwRMBlxfuxo
2
2214
29
1
0
0
----------------------------------------------------
vSYNMyHHKwJDEtb
4
2690
6
0
2
0
----------------------------------------------------
bTJJEGxZLWDIfGZ
3
1356
16
2
2
0
----------------------------------------------------
lGyfoBAbnuDKhdh
9
2499
95
0
2
0
----------------------------------------------------
fzRuHQVIlrAuApt
6
1354
70
1
2
0
----------------------------------------------------
chRDolmiMwdfnix
6
2425
32
1
1
0
----------------------------------------------------
uggRXwqoJxUUEBC
3
3287
4
2
2
0
----------------------------------------------------
xJabicCzVeQRqdT
0
4164
82
2
0
0
----------------------------------------------------
uhoygvqHkCChZEh
6
2820
89
0
1
0
----------------------------------------------------
udpqBkwGNGGHwrS
1
294
5
0
2
0
----------------------------------------------------
