60
----------------------------------------------------
DkTvohIEorRDFwS
8
1297
39
6
2
0
----------------------------------------------------
TxHDHCpwGxgzHNr
0
2015
57
0
1
0
----------------------------------------------------
cSoJJBlSxXXlnGS
6
4236
33
0
2
0
----------------------------------------------------
SHCGthCClieweEn
9
2037
93
2
2
0
----------------------------------------------------
bgfHOFznHCrgNPz
9
3606
96
3
2
0
----------------------------------------------------
CqmRNhmLrwxbRGP
2
2052
12
0
0
0
----------------------------------------------------
xqHuLgmJbfVbSmO
3
2059
93
7
0
0
----------------------------------------------------
leTnNGhodnycOGD
3
446
75
1
1
0
----------------------------------------------------
tEeIhSzrGeFayyF
7
3006
88
4
0
0
----------------------------------------------------
EuxNXUexzvYCqdf
0
4842
96
7
0
0
----------------------------------------------------
eRdWWUMgaJIixge
8
1865
29
3
0
0
----------------------------------------------------
WddzafcwVtEepwC
5
2974
71
4
2
0
----------------------------------------------------
yBkaHYhvSimuSpc
2
3081
78
2
0
0
----------------------------------------------------
RzqpTuVfLDBwXQD
0
2925
63
0
0
0
----------------------------------------------------
myuPpkqKCIpgcxf
5
4107
1
9
1
0
----------------------------------------------------
bUllmRXNLvWzlqF
5
1050
43
6
0
0
----------------------------------------------------
SbfrvOuwNYbuydH
9
2697
24
2
1
0
----------------------------------------------------
wkrOphFHyYXGJlQ
4
1490
27
6
0
0
----------------------------------------------------
GuePzudWehBLDvF
2
596
62
7
1
0
----------------------------------------------------
zqkvcqVlcmTErCR
8
4837
79
0
2
0
----------------------------------------------------
BQWQbLUuGwUybrr
5
427
37
1
2
0
----------------------------------------------------
iwcmqqVdHDhEPRz
7
589
60
0
1
0
----------------------------------------------------
QbWDhMWyLpntBWX
7
642
83
8
2
0
----------------------------------------------------
IbBaMwzzYxFCoDE
9
2558
80
1
2
0
----------------------------------------------------
DrMCxpMFgauzcpQ
1
2596
71
9
0
0
----------------------------------------------------
YOYUCTgpGBoJSDF
4
4812
16
0
2
0
----------------------------------------------------
NNuqvWVlxiRnici
5
241
87
8
0
0
----------------------------------------------------
oItaTmNvBRUmXNF
9
4367
9
1
0
0
----------------------------------------------------
RRhwdqppWwYipkJ
8
3520
44
7
0
0
----------------------------------------------------
glEhccPachQQEMf
1
3513
41
6
2
0
----------------------------------------------------
UwOmOFUvhNhhcES
0
2870
75
0
2
0
----------------------------------------------------
HvmcghiMhzXgUHX
3
342
13
0
0
0
----------------------------------------------------
pmeyrXKGXbOLmRb
8
676
36
2
0
0
----------------------------------------------------
kmOMnPkUJNSLSPw
2
2491
82
0
0
0
----------------------------------------------------
IDdBuyUrympWmWU
0
3652
47
4
2
0
----------------------------------------------------
OHIdrmCbOMMVmfL
6
1695
94
4
2
0
----------------------------------------------------
LwkBrgTEcFnmDSM
5
4644
37
0
0
0
----------------------------------------------------
lokJQpbrHqoPRBE
6
4037
18
1
0
0
----------------------------------------------------
ddFYDvuXqEuENCC
9
1457
9
9
2
0
----------------------------------------------------
pNNvxkwtxnhQtbk
9
2687
18
1
1
0
----------------------------------------------------
fikbQKPtLetGzSh
1
2573
68
9
0
0
----------------------------------------------------
YnnhuEWCoYiMlVN
0
3643
2
0
0
0
----------------------------------------------------
HiVrHYdYogeSWCc
6
3873
99
7
2
0
----------------------------------------------------
wTGqveSlnEbCopd
2
386
81
3
0
0
----------------------------------------------------
KkcQToFRlXOvIJc
5
75
22
2
1
0
----------------------------------------------------
huvlyirHRlVEGlV
0
2915
33
6
1
0
----------------------------------------------------
kbIQKSiEDOKSivQ
1
2792
40
4
2
0
----------------------------------------------------
hbShfpqLViWHEXa
4
3732
36
6
1
0
----------------------------------------------------
hGhvuPvBgoQqGDU
6
642
11
5
0
0
----------------------------------------------------
TGgRLFQExrnafRf
6
1761
95
7
1
0
----------------------------------------------------
epmCHvnJYmtbgDH
1
2788
91
7
0
0
----------------------------------------------------
natGWkvOKbWxNfu
0
3867
2
5
1
0
----------------------------------------------------
rnyinhrJvPRwVad
5
2024
36
5
1
0
----------------------------------------------------
cCUGPwPktFfykrG
3
3954
60
9
0
0
----------------------------------------------------
JvUPNdxChlXFEeB
9
887
89
1
2
0
----------------------------------------------------
gxzvlWomFakNDei
4
1146
94
5
1
0
----------------------------------------------------
kwuqbTCPXIkQNWW
2
1009
65
5
0
0
----------------------------------------------------
FfLKrznYLwpELVy
6
3785
57
0
1
0
----------------------------------------------------
WcEXxVUYWqkKHLu
8
664
94
2
1
0
----------------------------------------------------
ClRfyrokgpLBnDd
2
1022
1
3
1
0
----------------------------------------------------
pclYdkIRKQdcuKV
4
177
74
7
1
0
----------------------------------------------------
UanzmyQmpNalYTR
0
4195
14
3
0
0
----------------------------------------------------
FYUEivozSTJOccI
4
2442
16
0
1
0
----------------------------------------------------
aiJFQaLOEgFlpJM
0
628
52
6
0
0
----------------------------------------------------
oFpiWWtPpSkiPHY
9
1525
10
1
0
0
----------------------------------------------------
YfKMIeQWQTKfyGm
4
517
96
7
0
0
----------------------------------------------------
WzmRJWTByxbGapz
2
2323
46
6
0
0
----------------------------------------------------
QRoypFIzFwUGbnV
9
4656
59
6
0
0
----------------------------------------------------
tIOGgymbnhRbEuC
5
1121
42
1
1
0
----------------------------------------------------
qrPHGuVqfSSGWKf
4
4204
68
5
0
0
----------------------------------------------------
SdcWOeeaFCpvMbK
3
669
57
4
0
0
----------------------------------------------------
iDRLKJKJUPKyPgB
4
2310
50
0
0
0
----------------------------------------------------
icawqRymkPldSCU
6
705
17
5
0
0
----------------------------------------------------
hTptJMaLGnpJfYl
4
1283
49
5
1
0
----------------------------------------------------
ELKintTFkdRhexE
0
1367
17
4
1
0
----------------------------------------------------
JkGreSSayHLDleC
3
2228
63
8
2
0
----------------------------------------------------
ozUPBLWCKthJgtC
4
4131
62
9
0
0
----------------------------------------------------
VuvUIFkVVFBBdkl
7
4312
69
1
1
0
----------------------------------------------------
fipaIWYVYnRkKyJ
1
4700
87
1
1
0
----------------------------------------------------
vipopDdpQLwqlEi
7
61
25
0
0
0
----------------------------------------------------
XIRggNpefGLYKmq
5
1355
79
7
1
0
----------------------------------------------------
nUHIwFioRiMqcVx
5
871
94
7
0
0
----------------------------------------------------
UzezDQrlMRDrhCU
8
1449
60
6
0
0
----------------------------------------------------
zhKBXOShEnPinVn
6
1350
90
5
1
0
----------------------------------------------------
NohVUbYaCRFumfr
2
3908
55
5
2
0
----------------------------------------------------
LkwOtyRrcDYlUPY
4
956
25
0
0
0
----------------------------------------------------
PtNMmzTVluLwvKC
2
2219
16
5
2
0
----------------------------------------------------
eULSqCgqpqdBThi
1
260
44
4
0
0
----------------------------------------------------
deuLKppIxlKVPBf
7
1517
80
1
1
0
----------------------------------------------------
aIbPLqeCuJWHKvc
9
308
22
0
1
0
----------------------------------------------------
mVMpDPCinLVlDgB
1
2613
50
4
2
0
----------------------------------------------------
aktLpcxSmfaYWuD
4
4315
22
8
0
0
----------------------------------------------------
OySyFiEOmkRnnbW
7
2497
77
0
1
0
----------------------------------------------------
RliOKhdgOkcMXtw
5
4515
40
5
0
0
----------------------------------------------------
zuSVhOhvgIylWSV
3
4437
26
5
0
0
----------------------------------------------------
OulYiJOYMVvNDqC
2
3608
87
7
1
0
----------------------------------------------------
FgFTkBVPCGvppQe
7
4172
80
6
0
0
----------------------------------------------------
QwPTPuQMPJtrFoe
9
1686
78
1
2
0
----------------------------------------------------
KUNIIrxlJCNBRzF
3
1303
5
7
1
0
----------------------------------------------------
hvfPEBMUDidbNOx
6
87
85
3
1
0
----------------------------------------------------
IyEVdExaeUnhoWp
0
1268
83
2
0
0
----------------------------------------------------
VhJdkufpkeYWNmu
9
1706
2
5
1
0
----------------------------------------------------
RqmwilrVfEmDiFw
0
1184
22
9
1
0
----------------------------------------------------
lBVVqDJEYVWTIzG
8
4924
55
5
0
0
----------------------------------------------------
lWEBTHfoqExXYpI
4
1020
38
2
2
0
----------------------------------------------------
hrFKNkGWnSSqYTq
4
3170
72
8
1
0
----------------------------------------------------
mBXrHGIdKofXfMT
9
43
43
7
2
0
----------------------------------------------------
DEKGehthJWDzgHH
8
2212
6
2
2
0
----------------------------------------------------
HPTmRFcNRariKtt
8
2090
3
9
1
0
----------------------------------------------------
uyCCgFxDrPSUCwT
4
1772
80
3
0
0
----------------------------------------------------
OnOitBCLmyJdJoD
4
3334
67
3
0
0
----------------------------------------------------
yfiRgWWRorGSBLP
3
164
82
1
0
0
----------------------------------------------------
KtblbIeBuPUCvpR
7
3785
63
4
0
0
----------------------------------------------------
tHLRxBVOQMHhSeQ
8
2235
7
1
0
0
----------------------------------------------------
HCOKEtXzlQCPpOI
0
3077
17
2
0
0
----------------------------------------------------
QPtItvXDhEdeSnQ
5
1904
58
7
1
0
----------------------------------------------------
FmWRgIevKtYbbUH
4
4503
83
6
1
0
----------------------------------------------------
iRMIOfhBGMShurw
1
1285
81
9
1
0
----------------------------------------------------
nTtWHIXrCgkXvQV
1
2653
75
1
2
0
----------------------------------------------------
kmywulOMiugvENV
5
485
26
4
0
0
----------------------------------------------------
CbfgCxRglLrYdTC
7
423
91
8
0
0
----------------------------------------------------
FoFHudqmBVqDvGP
0
3966
79
7
2
0
----------------------------------------------------
mpPXTmfTDLDdlqi
0
1273
51
7
2
0
----------------------------------------------------
TobHxOtgytGRMKl
5
4743
19
5
1
0
----------------------------------------------------
tzgrQmaUcyyzCdv
2
3839
84
5
1
0
----------------------------------------------------
qBSPkxOtktIzDca
6
986
14
7
0
0
----------------------------------------------------
bwulDPFiRSGwhOS
2
4791
24
2
1
0
----------------------------------------------------
NrGizhIVwdfREfH
8
1634
95
1
1
0
----------------------------------------------------
hSFrSCDVGOOfbYf
5
2498
30
2
2
0
----------------------------------------------------
WzkTtYCObMkwXUa
1
4470
96
1
1
0
----------------------------------------------------
FPKwqFWdcIpkpfl
3
155
93
4
1
0
----------------------------------------------------
nOzwwcnfycvtWrv
5
2548
11
3
0
0
----------------------------------------------------
RVNnyLlQVvSXzfV
9
2238
65
4
0
0
----------------------------------------------------
TvcNhIuXvDeLuSL
9
822
53
8
2
0
----------------------------------------------------
MQzPHwHoXfRQvWO
1
1585
15
3
1
0
----------------------------------------------------
PQeFGcWquzVRTMo
6
112
59
6
0
0
----------------------------------------------------
VDgTtiIQMOvkLwm
6
2462
60
5
1
0
----------------------------------------------------
oQuUgCJtggVbMiB
7
2591
59
0
2
0
----------------------------------------------------
VRTBGgDdCvuzDHk
8
3142
2
9
2
0
----------------------------------------------------
TriRLTJUTSekbgJ
1
2115
70
4
0
0
----------------------------------------------------
IQCxKBfQbmnFhNa
0
1959
64
2
2
0
----------------------------------------------------
uIbbnyvbTmcYdmr
2
2310
64
5
2
0
----------------------------------------------------
GCePlRJdhRuoXiO
5
3807
24
1
1
0
----------------------------------------------------
SfCcCbLBQvBBMhX
9
1290
20
1
0
0
----------------------------------------------------
zIEpvUxfpgnRkxu
7
4398
80
7
2
0
----------------------------------------------------
XeBrxLpeRxxHGmY
4
1614
27
8
0
0
----------------------------------------------------
UpqrpqyYXtYtRim
7
4808
47
1
0
0
----------------------------------------------------
OPiqdvSJmXOQtEg
0
3585
18
2
2
0
----------------------------------------------------
qJUoMuNIGMLrSCW
6
3760
55
5
1
0
----------------------------------------------------
fPqHYaNahSnCfEY
9
573
79
7
0
0
----------------------------------------------------
