60
----------------------------------------------------
HZWWVqvILRbQSLJ
0
4306
84
0
2
0
----------------------------------------------------
hpwXwQXFBiErYvQ
8
4558
84
2
1
0
----------------------------------------------------
RVcYEHlebMXqnab
8
2601
47
1
0
0
----------------------------------------------------
XHJlZVkuewMwoIT
0
3784
74
0
2
0
----------------------------------------------------
gHVaHCzXtLINLGI
2
4359
25
1
2
0
----------------------------------------------------
uSbSYdUUyxlAquU
7
3517
77
2
2
0
----------------------------------------------------
cMCXqfYfazeQvzW
9
3707
81
2
0
0
----------------------------------------------------
fLTdESgCDYQhEJB
6
3066
35
1
2
0
----------------------------------------------------
ldgiJkClfvutacw
6
4288
83
1
1
0
----------------------------------------------------
uhpaUCbZJnBKUyS
2
1103
39
1
2
0
----------------------------------------------------
CennSbrSbVEimVU
8
4506
27
1
0
0
----------------------------------------------------
KlcQcwHvuwxNZtZ
5
4556
60
1
0
0
----------------------------------------------------
pHbhKbtXummwrJY
6
4711
24
1
0
0
----------------------------------------------------
QeKwGKbyfeBmRIU
8
4597
45
2
0
0
----------------------------------------------------
yUtYevAVICBDzSb
9
1727
47
2
2
0
----------------------------------------------------
laUNEAMLDtwxlEX
4
135
4
0
2
0
----------------------------------------------------
AgrDCEtdFzgTqHA
1
3987
31
0
0
0
----------------------------------------------------
fWYFRJwLewtmWzb
8
369
20
0
1
0
----------------------------------------------------
mmoaNawyWUJafBx
5
1177
95
1
2
0
----------------------------------------------------
iBbXSgIgGgJeyDM
3
1619
21
2
1
0
----------------------------------------------------
FWrtvzvfSeqVEKo
3
2510
1
1
0
0
----------------------------------------------------
HcXBzzhHUclAVrE
7
4849
52
1
1
0
----------------------------------------------------
iHnklbNEwFzKzZn
4
4346
27
2
2
0
----------------------------------------------------
NVZETKUZyhEuhwd
9
2593
78
0
0
0
----------------------------------------------------
TyocybMKUuFwSxl
1
2735
29
2
2
0
----------------------------------------------------
vawHpqivyGfXCkK
4
2704
96
1
2
0
----------------------------------------------------
GIUxHJMgRxkWEXH
3
4377
0
0
1
0
----------------------------------------------------
IqSHXKEIRXdHBMK
6
2272
9
2
0
0
----------------------------------------------------
yxeuWwRHepXNJVV
9
2023
51
2
0
0
----------------------------------------------------
BlrwaVcwNwhwZDS
2
2740
4
0
1
0
----------------------------------------------------
WUTzdGLklcWkUhr
1
3881
73
2
1
0
----------------------------------------------------
gpNGtfxVAEMcZwZ
4
3698
33
2
0
0
----------------------------------------------------
FHtfRyGEVzmBWop
6
1519
7
0
1
0
----------------------------------------------------
aiixxacJdTfYmCf
6
3312
77
1
0
0
----------------------------------------------------
VIYRXTQaHhnMUSh
6
2504
29
0
1
0
----------------------------------------------------
dihrQaIKUqCUIme
0
2447
28
2
1
0
----------------------------------------------------
CWCEZpXUKSQnISE
8
623
30
1
1
0
----------------------------------------------------
TrEexffXynVFUog
2
2155
32
2
2
0
----------------------------------------------------
xGDffbXAvvygtGt
6
2207
10
1
1
0
----------------------------------------------------
xemVMLFLNHuZYrA
7
520
49
0
0
0
----------------------------------------------------
zLLKxRqYDWdEaTH
7
504
41
0
2
0
----------------------------------------------------
bNYINCgJtdyKbuM
2
3829
48
1
0
0
----------------------------------------------------
kaAynttkeGYkKzT
5
2159
75
1
1
0
----------------------------------------------------
SYhHdLqJGDBSaRu
3
4900
74
0
0
0
----------------------------------------------------
utZkeYIaIVBKyKt
0
42
47
0
2
0
----------------------------------------------------
YkkUUtVHfDFBhEc
2
4776
60
2
0
0
----------------------------------------------------
hoLgvJHLcUMzbZw
2
3265
66
1
2
0
----------------------------------------------------
lNuUzCdFXlcnRnD
7
4310
58
1
2
0
----------------------------------------------------
YrXCYBpEcFLDCqX
1
1238
35
0
2
0
----------------------------------------------------
AgBfDyAhvYJTxCG
4
1380
70
0
1
0
----------------------------------------------------
lkRHZxzeAuaTSuB
1
4877
85
2
0
0
----------------------------------------------------
pLrerrHAetZTvbJ
2
1004
51
2
2
0
----------------------------------------------------
RlxgpxfnByUwMIb
0
116
62
0
2
0
----------------------------------------------------
eYfiFMFlWczeThu
6
3697
80
2
1
0
----------------------------------------------------
AfUqtxddMmbRLiI
9
115
72
2
1
0
----------------------------------------------------
URTahIXCkNcEIow
5
4448
44
0
2
0
----------------------------------------------------
BpXpUQzyuqdDXCb
6
3868
31
1
0
0
----------------------------------------------------
JFkDmeMcIxNqSbG
6
2191
97
1
2
0
----------------------------------------------------
JXBoNVCgkVZulcK
1
244
76
2
0
0
----------------------------------------------------
SefNwynmXADxkax
2
1761
83
0
0
0
----------------------------------------------------
rWwUWUAwIlhuuIR
8
3448
86
0
2
0
----------------------------------------------------
EqgecleTZzBbySW
8
72
28
0
2
0
----------------------------------------------------
URFevfchfQAHKfD
5
2576
84
2
2
0
----------------------------------------------------
hafQLNwSaYgeDzm
1
4002
75
1
0
0
----------------------------------------------------
zEfXbKXdRBVCISh
8
1879
88
1
1
0
----------------------------------------------------
XvcbCKyFVqvvlgb
4
1748
31
1
2
0
----------------------------------------------------
qrWYDtDRlWAYWQc
7
529
83
1
1
0
----------------------------------------------------
WlllcBLydUZTzRc
2
3369
26
2
2
0
----------------------------------------------------
ehMNKnlMxuVmXVy
5
267
59
0
1
0
----------------------------------------------------
HfbboKEXAeTrRaR
7
1411
0
2
0
0
----------------------------------------------------
FYSNoplqrHhCFwK
1
3069
47
1
1
0
----------------------------------------------------
zNAYwkMJBNbCUoH
1
4264
99
1
1
0
----------------------------------------------------
DThRFNTQVMvYVhd
6
763
20
2
0
0
----------------------------------------------------
cShDdkZNNJXFugm
9
3966
6
1
2
0
----------------------------------------------------
JfdmqFimaDagdnB
1
767
91
0
0
0
----------------------------------------------------
oxdWqVGplUETtQA
7
3479
56
0
2
0
----------------------------------------------------
bduzIXCyVdrfDbv
8
2720
11
1
1
0
----------------------------------------------------
NKZekofzAmwfHhH
7
3853
68
1
2
0
----------------------------------------------------
dHSRTdpruIrMqiD
6
1278
97
2
2
0
----------------------------------------------------
ocRaltQtqThHveq
9
4143
32
1
1
0
----------------------------------------------------
RviXaKRXEGhHVgQ
1
2043
23
1
1
0
----------------------------------------------------
KtMmzQmSeJMukvi
8
2033
48
1
0
0
----------------------------------------------------
vCeoINaYqFTwyqX
2
1291
80
1
1
0
----------------------------------------------------
AQytpcuzgSCNZJQ
2
4175
69
1
1
0
----------------------------------------------------
UciYMdXiWavuEMn
1
4084
51
1
1
0
----------------------------------------------------
FndDYZmHEuUwrBe
6
2971
56
1
0
0
----------------------------------------------------
FmgclZdnLMiRQYG
1
3774
9
0
1
0
----------------------------------------------------
opGzeTKuDUorEDT
8
4881
78
0
2
0
----------------------------------------------------
VqSgaRAcVeFBtJp
4
292
58
0
2
0
----------------------------------------------------
xgeJbtLKYfvyvRW
0
3146
51
1
2
0
----------------------------------------------------
ZgCtInWUWNQGiBW
5
3017
52
0
0
0
----------------------------------------------------
plTLGBUxJwVhYnl
5
1597
58
0
0
0
----------------------------------------------------
eQvKoRBxrEaznkB
0
3635
2
1
0
0
----------------------------------------------------
HeVAEZxuKmWunbN
9
1135
96
1
0
0
----------------------------------------------------
vREExBSUliTdewe
2
3003
20
0
0
0
----------------------------------------------------
WthRzgtuWbgZEFZ
6
1396
66
2
0
0
----------------------------------------------------
yoztTYmMQoZBRMy
1
1442
12
0
0
0
----------------------------------------------------
mKVufxixfSYVVxZ
6
3683
5
2
1
0
----------------------------------------------------
ymXUvpmgzYwIEBx
7
3284
46
1
1
0
----------------------------------------------------
fnvNfeCJpgWvnaa
1
390
89
0
2
0
----------------------------------------------------
VWzCflpFYCJYLZw
6
2376
97
0
2
0
----------------------------------------------------
CJJVCbzkoMZubWW
5
3943
52
0
0
0
----------------------------------------------------
ZbAUAWoWiygyGdb
1
3798
17
0
0
0
----------------------------------------------------
SDSbYneefWBSAvz
9
827
74
2
2
0
----------------------------------------------------
ttXCuFRruBRSiJT
2
2200
26
1
2
0
----------------------------------------------------
fDpxzUndTdmWDcH
5
1802
84
1
0
0
----------------------------------------------------
AcXKwVBuYtzaltp
6
4049
60
2
2
0
----------------------------------------------------
avBdxLUDRBXCSZo
4
868
71
1
0
0
----------------------------------------------------
UXYbkeQFwWiiZfU
8
376
91
0
0
0
----------------------------------------------------
SdtFcbedoHSkdkE
0
93
76
0
1
0
----------------------------------------------------
USHkhXWxXNdpDzD
7
4398
81
1
2
0
----------------------------------------------------
cMzmiZXXvKuQado
5
2
43
1
0
0
----------------------------------------------------
gKuzMYJRVCXMion
6
2651
96
0
1
0
----------------------------------------------------
BnHglTXIhrdTHIi
5
2762
58
2
1
0
----------------------------------------------------
YLxqFLrqRmYtFMl
6
3868
67
2
1
0
----------------------------------------------------
dVcuYSUvZHncnKx
8
4941
16
1
2
0
----------------------------------------------------
EukxnFnkUdmMFMo
4
4959
17
1
0
0
----------------------------------------------------
cFHWhtcuwceQgEf
4
4791
76
0
1
0
----------------------------------------------------
HkbbyrkWMfLEfgd
7
2277
47
0
1
0
----------------------------------------------------
vSMvXvEtHnEGQku
0
4989
1
0
1
0
----------------------------------------------------
UHUMAULdCtaZzhv
0
3606
93
1
2
0
----------------------------------------------------
FkyWdBCgVgTFwUC
3
2206
98
0
2
0
----------------------------------------------------
xYkRdgnFziYyNnK
2
2512
90
0
2
0
----------------------------------------------------
vrlQrExJSrnorbK
4
692
37
1
1
0
----------------------------------------------------
uqaqFzlWpmAAkxt
5
913
10
1
1
0
----------------------------------------------------
xZfbxVwmGrzAXDG
0
3360
72
0
1
0
----------------------------------------------------
hZkTliSbUrImXdC
2
4351
40
2
1
0
----------------------------------------------------
FwCIZnnwAJMGAyi
0
97
33
0
0
0
----------------------------------------------------
rTiRNCCWMIDNHJn
6
2015
98
1
1
0
----------------------------------------------------
IlJhxfQTUHRzzMF
7
4757
7
2
0
0
----------------------------------------------------
YEXZZMprESoRvdI
5
42
77
2
0
0
----------------------------------------------------
FEcMwZLImcugmzW
4
4493
44
0
1
0
----------------------------------------------------
SzLwLQhSVzFaeci
0
3849
84
1
0
0
----------------------------------------------------
QRJNImouTxYkoDv
0
4860
5
0
1
0
----------------------------------------------------
SVczfAhJJJvNWum
0
250
7
0
0
0
----------------------------------------------------
dgBEGHmNzouSRbw
0
4496
73
1
1
0
----------------------------------------------------
oguWTmVWnHEDDLm
3
3543
26
1
2
0
----------------------------------------------------
WvWDGTMkFSDQxie
1
2976
7
0
2
0
----------------------------------------------------
rYfnWxWMkMMyehM
5
2438
37
1
0
0
----------------------------------------------------
yRDqgwomWcbrcva
3
172
38
0
2
0
----------------------------------------------------
KDMAzWHtEnqHHQQ
7
2875
75
0
2
0
----------------------------------------------------
vNDxgpdWffWRQvt
0
4568
97
1
0
0
----------------------------------------------------
JkcXXyDKcoeSthg
5
4128
33
0
2
0
----------------------------------------------------
UhvNCMqfkAeKYSZ
8
872
78
1
2
0
----------------------------------------------------
fbUKJCWNvwtKaBG
5
2685
93
2
2
0
----------------------------------------------------
CAmyYHIZKfRJttA
2
4356
33
2
1
0
----------------------------------------------------
GYGMlxgmISAWbUK
4
2223
46
2
1
0
----------------------------------------------------
FXfzmqRlRGKqAUa
2
4077
32
1
1
0
----------------------------------------------------
nWQLqbRovEtVinf
4
1829
28
1
2
0
----------------------------------------------------
GATJFaHknVevBDT
7
382
13
1
0
0
----------------------------------------------------
