60
----------------------------------------------------
lEgtOCmNwIyOeSg
5
722
56
5
1
0
----------------------------------------------------
FYbOJxSPPfqPSyu
7
4969
20
6
2
0
----------------------------------------------------
iepnmKwtNWDRplS
4
3682
63
5
1
0
----------------------------------------------------
UnzmWGyFpFkyBHp
7
2079
18
3
0
0
----------------------------------------------------
qryXSHwWqqPdLiJ
6
2955
84
9
2
0
----------------------------------------------------
nSbeVkRTorcBdnn
0
3179
92
6
2
0
----------------------------------------------------
qtJWcoXCWgdnSuy
0
401
60
7
1
0
----------------------------------------------------
ObERMtdporXRfLF
8
2130
31
6
2
0
----------------------------------------------------
zHJRENEOraQgJWv
2
3440
7
8
1
0
----------------------------------------------------
LfFohfivJcblWrD
6
3290
68
0
2
0
----------------------------------------------------
YFLCqTrNbzNnJVS
1
3144
54
5
2
0
----------------------------------------------------
OEcnwecElwLoFiH
6
363
78
5
2
0
----------------------------------------------------
JPkDRunzRcMryVp
1
4170
44
9
2
0
----------------------------------------------------
zyDBXQoVwcVwHMp
7
4064
31
5
0
0
----------------------------------------------------
NfmWFikGOqnOCEW
9
4529
41
5
0
0
----------------------------------------------------
zUUEVwhfSSwETkk
1
3877
82
3
0
0
----------------------------------------------------
EYVzYwQEuhWdrwg
4
3700
54
1
2
0
----------------------------------------------------
MFNdtebyxVnKChd
0
464
72
3
2
0
----------------------------------------------------
TYiNukQvQoFTCCL
2
2177
38
1
0
0
----------------------------------------------------
cgRrRbRLgkcDFHH
3
1329
74
6
1
0
----------------------------------------------------
kDDqmMDziprxDqW
3
4921
5
7
0
0
----------------------------------------------------
NYekdEVFLPfcDRw
7
1252
60
0
1
0
----------------------------------------------------
bwINDWltmbEJLyl
7
4728
85
4
0
0
----------------------------------------------------
WFkoHFezCCEKVtQ
3
2684
16
4
0
0
----------------------------------------------------
xtGipViWXBpVWMg
7
1771
95
1
0
0
----------------------------------------------------
yvyhgiIYyrJXnOg
7
3647
59
8
2
0
----------------------------------------------------
WCyUhOSUDDOIyvS
4
4737
78
3
0
0
----------------------------------------------------
BfNmuLhQQpCWYQc
4
1158
94
9
2
0
----------------------------------------------------
PkwBuIVTBNGHXFl
8
4005
44
5
0
0
----------------------------------------------------
UzGGUbHtFriMmgP
3
1435
34
3
0
0
----------------------------------------------------
JMdvFJfBIbKIJlp
4
1648
74
0
1
0
----------------------------------------------------
kDaWIinEBEJVxon
5
2051
81
6
2
0
----------------------------------------------------
XgyKaRIShQkqxTf
3
3033
40
2
0
0
----------------------------------------------------
ltYoneHnFWSOTUC
4
3956
2
6
2
0
----------------------------------------------------
HppGLuVVJDkEiMQ
3
2254
54
6
0
0
----------------------------------------------------
HlNPqYWaMhJefan
4
2557
40
0
0
0
----------------------------------------------------
qQMoMhhnSpdkEtw
6
465
80
8
0
0
----------------------------------------------------
ektpvKNKPwzSvBR
8
4178
74
9
0
0
----------------------------------------------------
MGDeQODbruGKWlk
5
4110
30
7
1
0
----------------------------------------------------
mzhcJteSzYGKqtW
4
3527
16
6
0
0
----------------------------------------------------
hqfFhnPrLkIzhPH
3
3793
12
5
2
0
----------------------------------------------------
gBLGxYRiQGIoPMH
7
1473
84
8
0
0
----------------------------------------------------
nJyVQNCVvrEaevt
0
2586
26
2
2
0
----------------------------------------------------
uRayMJJTnhOeNLG
5
186
90
0
1
0
----------------------------------------------------
QoIPJuEGKEdqNfT
0
899
57
2
1
0
----------------------------------------------------
FzIlJvDclaxzVeJ
1
468
40
6
0
0
----------------------------------------------------
uJrUmoyuLBLwKWp
0
3190
12
6
0
0
----------------------------------------------------
MUPnpkbnpRWLDcK
3
2299
70
0
1
0
----------------------------------------------------
eLVJQbtLvtwNKht
9
1417
23
9
2
0
----------------------------------------------------
XoHXgxtfcviVqio
3
4220
22
1
0
0
----------------------------------------------------
lHPfnUlwoVzfadS
2
3283
95
9
2
0
----------------------------------------------------
DEhpyXSuNLLFJcD
7
3826
76
2
2
0
----------------------------------------------------
SqmklcJBNqFXHDx
6
1573
83
0
0
0
----------------------------------------------------
BMiLVMXMlVzOetv
1
1957
72
4
0
0
----------------------------------------------------
xYOeJbJoiHPzgmc
7
1923
16
1
2
0
----------------------------------------------------
hyulpMxwINGFucp
8
1291
14
5
1
0
----------------------------------------------------
FukvJodQpKDpptg
6
3827
9
6
2
0
----------------------------------------------------
MeaLKPFNCTIQEUa
4
1705
0
7
1
0
----------------------------------------------------
NhdqLSHVfSfpakf
7
547
87
1
1
0
----------------------------------------------------
CFOYGnFyfXUqNwT
5
1904
88
7
2
0
----------------------------------------------------
VIEQfRnpDSaVrRe
1
3820
54
0
2
0
----------------------------------------------------
UJSEeYSYvwaperk
0
2178
17
6
2
0
----------------------------------------------------
SyaRTrpHhdVSHgB
8
2987
90
3
2
0
----------------------------------------------------
QcIuWygntuSuezp
8
867
73
7
2
0
----------------------------------------------------
XeNnwfYyHKnxEMF
5
900
86
9
1
0
----------------------------------------------------
paczryIIEBHXyQN
0
3379
30
5
0
0
----------------------------------------------------
dGqFpCBPrKyXykB
1
2374
44
4
2
0
----------------------------------------------------
wKpzPKYmooWuoTR
6
3304
32
4
2
0
----------------------------------------------------
RucvoLwDnahJyeC
4
1540
94
5
2
0
----------------------------------------------------
boGNQSLaFLMJONF
7
2094
40
1
0
0
----------------------------------------------------
xKgydYMJdaOOiCf
5
4288
86
4
2
0
----------------------------------------------------
mhnzKwyHJfnRJMi
3
3672
47
7
1
0
----------------------------------------------------
dVJcGTOSbgHSUdM
6
231
99
4
1
0
----------------------------------------------------
SgbvOhOeaVJSyFb
2
4917
11
1
0
0
----------------------------------------------------
hcmUxVtDcmIlizT
1
1586
17
0
2
0
----------------------------------------------------
igyIbiGxvKNWXpn
2
350
44
2
1
0
----------------------------------------------------
hoyYdFalzxLxCFL
4
1569
24
5
2
0
----------------------------------------------------
xbklVIYtxGWGEiU
7
4925
40
2
1
0
----------------------------------------------------
FQfkIYTkrKkqqLn
7
1999
92
0
0
0
----------------------------------------------------
fkTCIrmGbbykEYp
5
1149
24
5
0
0
----------------------------------------------------
mEVWNiLkbUOpmwM
3
2218
94
3
1
0
----------------------------------------------------
CkaiiQtVvzDIICh
0
2926
80
0
1
0
----------------------------------------------------
ewEFEYedSkxxGye
3
4377
26
7
2
0
----------------------------------------------------
oQFRUDdkExVBTSw
7
2367
82
4
2
0
----------------------------------------------------
uLkVolJWtuhpgfG
8
1566
58
0
2
0
----------------------------------------------------
XfwEYudJJYrDziw
5
3419
14
6
2
0
----------------------------------------------------
JkPWuwkBPqBSqmL
2
2443
97
1
0
0
----------------------------------------------------
WFKzuaHHiltchNx
8
198
11
4
2
0
----------------------------------------------------
YglxbRzymPnWhkq
9
1551
13
2
0
0
----------------------------------------------------
zXeTCDixyvcbfpV
9
1647
40
4
2
0
----------------------------------------------------
IJOzbGifEdEdoVe
5
1880
87
5
1
0
----------------------------------------------------
xTuDCQSlNzkKCPh
7
1358
72
7
1
0
----------------------------------------------------
IHtqULzXrmQKBNN
2
2120
22
0
2
0
----------------------------------------------------
boplHVHqaLazFTL
8
989
94
5
0
0
----------------------------------------------------
NEXkLxagCiPfonE
6
4666
28
1
0
0
----------------------------------------------------
FcHlahOxXgaiSvb
0
1792
21
3
0
0
----------------------------------------------------
TMHFokumuuOPeyl
6
3691
75
7
1
0
----------------------------------------------------
gGatrEQzDPBmFfa
1
3918
96
6
2
0
----------------------------------------------------
nBtxqPqHGCvGWGb
3
3723
72
4
0
0
----------------------------------------------------
yhSVSCPCFYyXLVV
5
967
62
2
0
0
----------------------------------------------------
MSPIVQWTywmizbC
3
1907
39
5
2
0
----------------------------------------------------
bClDEYSdGmEGGhT
8
1646
51
9
0
0
----------------------------------------------------
dqrULfwgvLQMTkW
7
3614
77
5
1
0
----------------------------------------------------
rLWVoWBJBNiaBQz
6
1742
61
7
1
0
----------------------------------------------------
RhgqqhiDCwpCkrW
0
2218
40
6
2
0
----------------------------------------------------
DUWnHeMhogeIhfn
7
2902
64
1
2
0
----------------------------------------------------
ptPWhGoSoQfmOJS
7
3118
18
4
1
0
----------------------------------------------------
dTxgmDYeXEyYLYq
8
671
2
3
2
0
----------------------------------------------------
dUDqgaIGhcucfma
5
4235
49
7
1
0
----------------------------------------------------
dhnGmpXgwYJkHoy
0
690
46
1
1
0
----------------------------------------------------
rYEmzhEXRtbPOJc
9
356
60
5
0
0
----------------------------------------------------
RpIRTVxpWPoqeEk
6
3836
44
8
2
0
----------------------------------------------------
qMmKWWCpFpCUHRq
9
3328
80
5
1
0
----------------------------------------------------
UaLPgDcNWgldFLL
0
1587
31
0
0
0
----------------------------------------------------
meMQYHhaYCumyut
3
836
11
9
0
0
----------------------------------------------------
bPifKOzyLKndSXR
6
4320
85
5
2
0
----------------------------------------------------
PQkLwDpHkBdwkiJ
2
1235
53
8
1
0
----------------------------------------------------
kbkaDbQRfFdGhdw
2
421
91
9
1
0
----------------------------------------------------
bguMwtJPhkaqofV
3
2912
93
0
0
0
----------------------------------------------------
ORoPuXlPxWtziTn
1
2703
2
0
1
0
----------------------------------------------------
CYRXPvKvwbDEwRt
1
1872
55
2
0
0
----------------------------------------------------
qdaeLFJVJeYGnOf
6
3066
2
8
0
0
----------------------------------------------------
fxUxNDbDnlaIIgC
3
2066
97
3
0
0
----------------------------------------------------
vzDFTHdMRTCyqLd
9
145
82
0
1
0
----------------------------------------------------
cuknmeVTUWOdeRa
7
4033
21
2
2
0
----------------------------------------------------
WqxQgFrHbVBpoRm
4
788
89
3
1
0
----------------------------------------------------
kaFUYwEcDqGuBYf
5
3302
68
2
2
0
----------------------------------------------------
vYHOvVlwavFohPf
8
2001
42
0
2
0
----------------------------------------------------
JhibmBramceMKKc
8
3063
10
1
1
0
----------------------------------------------------
dDyQTPtzxfcgUMm
6
3702
85
0
2
0
----------------------------------------------------
tiKwMOXnDHbmaKK
6
1212
95
3
2
0
----------------------------------------------------
YxinlQfJpimQwRk
0
1043
11
5
0
0
----------------------------------------------------
WpOLCBglRFILCWx
4
2319
91
3
1
0
----------------------------------------------------
HxKKQXnoFUGTSRD
2
1002
69
8
0
0
----------------------------------------------------
XpVCyHTzqxrIway
1
2377
38
7
1
0
----------------------------------------------------
GzICKOmEqvYxzSy
4
2216
1
5
0
0
----------------------------------------------------
rhBckDiidyhtiiH
3
2481
76
6
1
0
----------------------------------------------------
prGdmvWrXYCXMOh
3
2771
23
1
1
0
----------------------------------------------------
cuzVDvvSxiFLnYm
6
110
97
5
0
0
----------------------------------------------------
vonnPfcEXTDqKIv
7
4988
25
4
0
0
----------------------------------------------------
FLMzDXgNwLKJwNz
8
3961
69
1
2
0
----------------------------------------------------
fgHyBrSLBVkHOgS
4
2316
23
4
1
0
----------------------------------------------------
LebKeCOcutkGxKt
3
870
6
4
0
0
----------------------------------------------------
JXnGggrQJnmLElf
2
4184
11
0
2
0
----------------------------------------------------
IODftxStuIGeBDv
0
930
92
1
0
0
----------------------------------------------------
xPCiPxKGKqOfwVo
6
2950
53
6
2
0
----------------------------------------------------
XyXmwmKnQrriBGz
3
4
15
4
2
0
----------------------------------------------------
lwDSwwCWSFfoqtd
8
1663
76
8
1
0
----------------------------------------------------
CPBrblOxDrqtafE
6
3205
37
8
0
0
----------------------------------------------------
GQgxlMDGVKYKvIy
1
1484
94
0
2
0
----------------------------------------------------
