60
----------------------------------------------------
kSLYIbywNJnrCKU
1
2109
61
2
2
0
----------------------------------------------------
HAbAuBDmIRrMllI
1
4256
17
0
2
0
----------------------------------------------------
gEZdIpiboGdwUuS
7
2027
68
1
1
0
----------------------------------------------------
AHnxGTrDqLaBQHu
1
531
29
1
1
0
----------------------------------------------------
CdNIvSIVBFeJBzw
7
1670
99
0
0
0
----------------------------------------------------
pXnHhUQWyfMZJeV
6
1638
80
2
2
0
----------------------------------------------------
oDclWumMiDQBbbS
6
1140
27
1
0
0
----------------------------------------------------
JTmzFWTRBMcHSJo
8
1052
13
2
0
0
----------------------------------------------------
izzCSEwCeXwyeTg
6
240
29
2
2
0
----------------------------------------------------
NWEkNWkymShtuJZ
1
1724
19
2
0
0
----------------------------------------------------
UwrHhJvVupCnFAa
3
1190
99
2
0
0
----------------------------------------------------
peGUktYuMFpAJxU
8
4103
67
2
2
0
----------------------------------------------------
TbbpyQoaHyvpizt
6
4762
66
1
1
0
----------------------------------------------------
zuivldiMilFxRUm
6
4775
9
0
0
0
----------------------------------------------------
FQlpXlRKbnquJml
2
85
3
2
2
0
----------------------------------------------------
KJmepKCaWeBLkqb
3
3113
49
0
2
0
----------------------------------------------------
QmRznCAUfknuXRB
2
839
20
2
0
0
----------------------------------------------------
wBlnRIEZNCSqDUp
5
4620
23
1
1
0
----------------------------------------------------
QHUkZFBczxqQAUN
5
3037
6
2
2
0
----------------------------------------------------
hnKnhpQZCVZbmwJ
2
831
65
1
1
0
----------------------------------------------------
WtCAUyyxuqxuthe
3
2724
38
2
1
0
----------------------------------------------------
oHgUCcvaUcyeDhX
7
3879
21
1
2
0
----------------------------------------------------
VWiAlgtxmvAIylK
4
4731
58
0
1
0
----------------------------------------------------
gNpkgMNqNdJzyLa
7
638
90
0
0
0
----------------------------------------------------
DIwCqXYhtdAJLkn
2
1493
27
2
2
0
----------------------------------------------------
ISJvIDtMNbRWyJp
7
2676
53
1
1
0
----------------------------------------------------
yKIkZivCLbVpCSU
4
3348
17
1
0
0
----------------------------------------------------
hTSbbRJpbykfplN
2
713
9
2
0
0
----------------------------------------------------
lNiKGYmYQapWfSD
8
1031
44
0
2
0
----------------------------------------------------
FwmLnnrMuaKmiLM
2
4696
41
2
2
0
----------------------------------------------------
fURJBJXYZHkUwVX
1
4004
15
2
1
0
----------------------------------------------------
YRNJokGVxLeThqp
2
845
83
2
2
0
----------------------------------------------------
qrFCZhvmSapvEaK
2
2606
41
1
0
0
----------------------------------------------------
ivTTbxhqrFnZZrp
6
2112
21
1
2
0
----------------------------------------------------
BlooZRacLVRCEch
6
4824
97
2
0
0
----------------------------------------------------
uuTMKoCquLKAYUz
8
279
44
1
1
0
----------------------------------------------------
eMIGQaaZCIbqHki
6
3663
3
0
1
0
----------------------------------------------------
MZQicVbwcZSKrzo
7
1823
9
2
1
0
----------------------------------------------------
MkNnTomzvXxplUN
1
156
2
2
2
0
----------------------------------------------------
GNqSikGaVlxZRTp
3
1324
93
1
2
0
----------------------------------------------------
nArmRwuJNvCEKZp
5
2775
98
0
1
0
----------------------------------------------------
QXZbFdeHcArpLDF
3
139
34
2
0
0
----------------------------------------------------
ntKiCRaSZboFGLT
1
28
29
0
1
0
----------------------------------------------------
nHkbDYITybSqlHU
7
3943
54
2
0
0
----------------------------------------------------
XpTrMfNvmmVqXwF
9
625
55
1
2
0
----------------------------------------------------
IKBzzIlJDcBRmcw
2
32
69
1
2
0
----------------------------------------------------
JnVDUrEANAbMnvA
0
1110
36
2
2
0
----------------------------------------------------
evTbkbakhiVXhbf
5
1933
0
2
0
0
----------------------------------------------------
JQuwHgzQSaubdZu
1
259
70
0
1
0
----------------------------------------------------
eqqCTomJvhbXZmo
3
867
33
2
1
0
----------------------------------------------------
SgvLpnYcxElQmHB
5
4941
21
0
2
0
----------------------------------------------------
NWDeZuyKdFNSMky
4
2323
3
2
1
0
----------------------------------------------------
lwRTrkJeqXzRUDb
0
3289
68
1
2
0
----------------------------------------------------
ZvfupKCBXnqiEex
2
207
57
1
2
0
----------------------------------------------------
giTzlzlCbSRiEFX
2
3790
0
2
0
0
----------------------------------------------------
HTMDYTAVfDabIUg
3
421
59
0
1
0
----------------------------------------------------
DAWLcbyUNnlLCfp
9
1303
1
2
1
0
----------------------------------------------------
IoHVkAtlYVVkpQw
6
4426
10
2
0
0
----------------------------------------------------
mXtxlxNiuEIAFbq
4
3870
10
0
1
0
----------------------------------------------------
IDlkVupemeieCap
6
3848
18
2
0
0
----------------------------------------------------
EbHTZRiuqhFkcqk
6
4386
43
0
0
0
----------------------------------------------------
zKZmJAYHrpnzIcv
6
4008
96
0
0
0
----------------------------------------------------
RaaNQhdcEoAiwlM
5
2017
18
2
0
0
----------------------------------------------------
xaWHVybttFuUAeh
5
4520
43
0
2
0
----------------------------------------------------
MAabxWVvGkkoWDw
9
4014
28
2
0
0
----------------------------------------------------
hUlaAYUnFaZiCJZ
5
1278
33
2
0
0
----------------------------------------------------
XlWqyRUvAfZwaEf
8
4972
83
0
2
0
----------------------------------------------------
SAqeImlidWXWWbY
0
3210
89
0
0
0
----------------------------------------------------
INSfKRgFCIAlAHp
1
1640
7
2
0
0
----------------------------------------------------
AdNivtdxnlLcJDu
1
31
19
0
2
0
----------------------------------------------------
tiUiWwKbeCJouCZ
7
3218
6
1
0
0
----------------------------------------------------
pZGFemRYKTnXWtQ
4
1402
33
0
0
0
----------------------------------------------------
hoGKdBuBeoyDyMk
3
4628
78
1
2
0
----------------------------------------------------
AnANFDQVitJSdYw
8
3385
57
0
1
0
----------------------------------------------------
wcBtYeqGHiwthdW
9
4425
64
2
1
0
----------------------------------------------------
QQCNMFKEDIIGraG
1
4037
2
1
0
0
----------------------------------------------------
SaulroigxwMkbKf
2
2527
12
0
2
0
----------------------------------------------------
byhJNnYVwgXoMLA
2
2216
74
1
2
0
----------------------------------------------------
ZeYHGFXVHHKKMAk
4
3358
33
0
2
0
----------------------------------------------------
kzDDWiNWFZuSJzv
0
783
74
0
2
0
----------------------------------------------------
dnXkFzHikSVABqu
9
1502
44
2
0
0
----------------------------------------------------
FxgTIcVdImAmJaB
2
3552
47
2
0
0
----------------------------------------------------
zAyXttZdilrFMdG
3
1220
13
1
2
0
----------------------------------------------------
lzVnfQoWdnZyVuW
8
309
49
1
0
0
----------------------------------------------------
LmEHTAFVvDVQcTb
2
3084
67
2
0
0
----------------------------------------------------
gWgluIHvKwJSwgY
8
2583
8
2
0
0
----------------------------------------------------
LNWEQGgWEkwnfyD
4
2848
70
2
1
0
----------------------------------------------------
HnnxEraEqiAnmlh
2
923
69
2
1
0
----------------------------------------------------
THozTcYEAAfMLKc
0
3375
53
1
2
0
----------------------------------------------------
UUiTnBSbwFhiImv
5
3240
31
2
0
0
----------------------------------------------------
YCKUiKRtMDundvh
4
590
35
2
0
0
----------------------------------------------------
RBlRJhMVvpldQlE
6
2270
28
2
1
0
----------------------------------------------------
HIdVKzHEXcbDIqx
9
1899
23
0
1
0
----------------------------------------------------
JxMHtkNMnHndNkw
4
679
55
1
0
0
----------------------------------------------------
TZNpSCSIiicEdoK
5
2156
9
2
0
0
----------------------------------------------------
alrBahizJtFbrMZ
4
4218
13
1
0
0
----------------------------------------------------
DxAmLmfZBzaagJX
4
4956
0
2
1
0
----------------------------------------------------
wpFSwDztdNJySma
0
707
65
1
0
0
----------------------------------------------------
lLvZCXzwYSIurzx
8
4421
5
0
2
0
----------------------------------------------------
vlWSFoKkVGrpGSu
8
1747
45
0
2
0
----------------------------------------------------
EZyEupENYcUpzvY
7
2743
88
0
2
0
----------------------------------------------------
VknimVqqTHeznmu
4
2894
33
1
1
0
----------------------------------------------------
EmgWtHvoMYnBiVS
7
1919
7
1
1
0
----------------------------------------------------
BAqABcBzAZTaIVL
3
1095
53
1
1
0
----------------------------------------------------
izwlfxxFgIzAIWz
8
3944
88
0
1
0
----------------------------------------------------
ehNuHLkBnyHJIwt
2
2102
81
1
2
0
----------------------------------------------------
vAktodCpowBihve
7
1245
3
0
1
0
----------------------------------------------------
wzlRDRNbzGCnMXZ
6
4138
26
2
0
0
----------------------------------------------------
cYloTbNZgcbJTTm
8
1444
6
2
0
0
----------------------------------------------------
wmZacLpdABYZdrB
2
1182
7
2
2
0
----------------------------------------------------
rCxlEbqLEnxHkUn
0
580
11
1
0
0
----------------------------------------------------
SkIIvTEGmAdWycW
6
2560
18
0
0
0
----------------------------------------------------
tVVzJfJHSnqhitw
2
2671
62
2
0
0
----------------------------------------------------
KhqQonywxWuUdZl
0
3949
2
1
1
0
----------------------------------------------------
YqewFTCfvJbVSUy
5
905
5
0
1
0
----------------------------------------------------
ArNegyqaceKcbqm
3
1557
76
0
2
0
----------------------------------------------------
lhffzenwIyZZAxV
8
990
10
0
2
0
----------------------------------------------------
rLZVItUUXYNRtoe
7
2885
45
1
1
0
----------------------------------------------------
ppnqyKTzbWFkmBc
8
592
97
1
2
0
----------------------------------------------------
hapJnbVVAMuYCpc
0
3335
12
1
2
0
----------------------------------------------------
bMNzxLWFolWFIvH
7
4422
12
0
2
0
----------------------------------------------------
yvUfykRtrIXycuE
7
4803
77
0
2
0
----------------------------------------------------
NHzYxdMWnybhubb
4
4229
16
1
1
0
----------------------------------------------------
VZokQCwUlwEuHkQ
9
4138
50
1
2
0
----------------------------------------------------
QEAURZlZRcmEgnT
3
2634
83
2
0
0
----------------------------------------------------
XiCfIpBHADDCWeD
5
2509
2
2
2
0
----------------------------------------------------
IioSnGzNkghMaXv
6
254
97
2
1
0
----------------------------------------------------
muhfTKZfvIeNKlA
8
545
66
2
0
0
----------------------------------------------------
NgmohhldSltnLvA
1
720
85
1
0
0
----------------------------------------------------
aqoQHJLEurpfqDb
0
4790
94
0
2
0
----------------------------------------------------
KHgoigBgMYWhDnH
6
3310
15
1
1
0
----------------------------------------------------
NkWwqTIFRlGFgSh
1
2899
67
2
0
0
----------------------------------------------------
TaUqTiQufJgJTmd
5
4820
57
2
2
0
----------------------------------------------------
XmtUkkzFJcnMeJn
9
699
7
1
1
0
----------------------------------------------------
avSAgilkWvhyXbb
2
1538
40
0
2
0
----------------------------------------------------
MdULqXzraKqdeZC
5
1107
22
1
1
0
----------------------------------------------------
qBXExRUpKCulcyy
5
2762
42
2
2
0
----------------------------------------------------
CqMJfTwtDhAlIxN
6
1473
57
2
1
0
----------------------------------------------------
NuzWtLTiATViGLq
8
975
14
2
1
0
----------------------------------------------------
KRgZQGKIXZxTKKU
1
3469
78
0
0
0
----------------------------------------------------
pcINxuopoeqyxgd
5
3111
57
0
2
0
----------------------------------------------------
GMqxcgamJvdYrBD
9
1243
4
1
2
0
----------------------------------------------------
ntEGgMdWlfzmyAc
1
2481
77
2
0
0
----------------------------------------------------
XgXnuwozVFzmzcE
2
3711
2
0
2
0
----------------------------------------------------
hDdIuabNgtxqNLi
5
2999
73
1
2
0
----------------------------------------------------
kymEelVpWiDQtii
8
903
89
1
1
0
----------------------------------------------------
KlSTuvNYetMXUpl
4
3444
2
0
2
0
----------------------------------------------------
BxboIhJKaHTKxtG
4
3676
4
2
1
0
----------------------------------------------------
MzBmiMAeKtMvMVi
2
1055
34
0
1
0
----------------------------------------------------
QDrMKZyASzlBwhm
0
4729
9
1
1
0
----------------------------------------------------
