461
762
1
5
9
0
0
0
982
722
1
4
0
0
0
0
650
699
0
0
0
0
0
0
47
5
2
0
0
0
1
0
524
871
2
0
0
6
0
0
545
658
1
1
5
0
0
0
581
454
0
0
0
0
0
0
823
851
2
0
0
9
1
0
54
767
2
0
0
6
1
0
948
902
1
7
9
0
0
0
410
919
2
0
0
9
4
0
224
864
0
0
0
0
0
0
620
842
2
0
0
9
0
0
744
121
0
0
0
0
0
0
936
808
0
0
0
0
0
0
464
81
0
0
0
0
0
0
790
1
1
1
7
0
0
0
403
591
0
0
0
0
0
0
518
218
1
4
9
0
0
0
101
261
0
0
0
0
0
0
365
31
2
0
0
2
2
0
697
144
2
0
0
9
1
0
23
29
2
0
0
5
0
0
941
732
1
7
2
0
0
0
564
457
1
5
8
0
0
0
479
621
2
0
0
8
3
0
801
345
0
0
0
0
0
0
823
119
0
0
0
0
0
0
736
983
0
0
0
0
0
0
842
923
2
0
0
1
1
0
581
346
2
0
0
7
0
0
691
913
0
0
0
0
0
0
554
360
0
0
0
0
0
0
971
762
0
0
0
0
0
0
33
316
0
0
0
0
0
0
617
263
2
0
0
8
4
0
296
445
2
0
0
5
2
0
445
545
0
0
0
0
0
0
398
994
2
0
0
5
0
0
174
837
0
0
0
0
0
0
494
987
0
0
0
0
0
0
462
186
1
8
3
0
0
0
30
996
1
4
4
0
0
0
140
567
1
2
5
0
0
0
692
483
1
2
8
0
0
0
972
166
1
1
1
0
0
0
116
627
2
0
0
4
3
0
560
670
1
7
4
0
0
0
829
118
2
0
0
3
4
0
473
483
2
0
0
7
0
0
845
320
1
5
5
0
0
0
199
904
1
6
2
0
0
0
812
601
1
4
9
0
0
0
466
801
2
0
0
4
4
0
809
114
1
9
8
0
0
0
613
636
1
1
1
0
0
0
895
268
0
0
0
0
0
0
981
332
1
2
5
0
0
0
347
748
0
0
0
0
0
0
426
710
2
0
0
2
3
0
981
434
0
0
0
0
0
0
148
710
0
0
0
0
0
0
46
473
0
0
0
0
0
0
87
52
0
0
0
0
0
0
498
934
2
0
0
2
2
0
591
757
2
0
0
9
0
0
247
55
1
4
0
0
0
0
138
709
2
0
0
7
1
0
80
855
2
0
0
1
4
0
88
477
1
7
0
0
0
0
409
629
0
0
0
0
0
0
212
463
1
5
6
0
0
0
855
245
2
0
0
5
0
0
145
344
2
0
0
0
1
0
356
570
2
0
0
2
2
0
238
462
2
0
0
2
0
0
569
311
2
0
0
3
0
0
414
5
2
0
0
6
0
0
371
398
2
0
0
2
3
0
305
973
1
5
1
0
0
0
312
692
1
3
5
0
0
0
752
625
2
0
0
1
4
0
526
613
2
0
0
8
0
0
572
913
1
8
7
0
0
0
215
562
1
0
6
0
0
0
671
179
1
7
2
0
0
0
644
586
1
7
7
0
0
0
164
617
0
0
0
0
0
0
823
121
1
5
1
0
0
0
493
522
1
0
6
0
0
0
613
781
0
0
0
0
0
0
315
840
1
9
3
0
0
0
721
322
0
0
0
0
0
0
106
344
0
0
0
0
0
0
135
852
1
2
4
0
0
0
863
359
2
0
0
2
1
0
966
167
0
0
0
0
0
0
859
231
1
5
3
0
0
0
602
955
1
4
6
0
0
0
129
869
1
2
7
0
0
0
465
876
0
0
0
0
0
0
133
791
1
7
4
0
0
0
810
635
1
1
4
0
0
0
417
82
1
8
9
0
0
0
793
827
1
0
3
0
0
0
307
797
0
0
0
0
0
0
891
435
1
0
0
0
0
0
186
501
0
0
0
0
0
0
73
108
0
0
0
0
0
0
8
802
0
0
0
0
0
0
406
52
2
0
0
2
1
0
476
712
2
0
0
5
0
0
836
591
0
0
0
0
0
0
403
505
1
6
3
0
0
0
979
233
0
0
0
0
0
0
433
783
1
4
5
0
0
0
684
214
1
4
4
0
0
0
168
762
2
0
0
5
2
0
892
8
2
0
0
1
2
0
728
733
1
4
0
0
0
0
181
664
1
3
5
0
0
0
980
928
0
0
0
0
0
0
123
876
1
1
9
0
0
0
928
834
2
0
0
5
2
0
874
421
2
0
0
0
1
0
826
140
0
0
0
0
0
0
196
662
0
0
0
0
0
0
308
445
1
9
7
0
0
0
695
560
2
0
0
6
0
0
149
20
0
0
0
0
0
0
491
318
2
0
0
9
0
0
314
870
1
0
7
0
0
0
789
381
0
0
0
0
0
0
821
499
1
5
6
0
0
0
566
36
1
7
6
0
0
0
828
807
1
6
8
0
0
0
458
334
0
0
0
0
0
0
841
124
0
0
0
0
0
0
195
969
0
0
0
0
0
0
420
267
0
0
0
0
0
0
326
42
1
9
3
0
0
0
158
301
0
0
0
0
0
0
202
244
2
0
0
1
3
0
163
976
2
0
0
5
3
0
351
508
2
0
0
5
1
0
504
264
0
0
0
0
0
0
220
80
0
0
0
0
0
0
295
714
2
0
0
7
1
0
871
514
1
4
5
0
0
0
109
19
1
9
6
0
0
0
324
548
2
0
0
1
4
0
119
563
1
1
4
0
0
0
835
810
2
0
0
1
4
0
103
687
1
1
5
0
0
0
196
268
0
0
0
0
0
0
152
669
2
0
0
5
3
0
565
602
2
0
0
0
4
0
418
879
2
0
0
8
0
0
463
407
2
0
0
2
4
0
442
384
1
5
3
0
0
0
517
821
1
2
6
0
0
0
352
522
2
0
0
0
2
0
979
343
0
0
0
0
0
0
146
898
1
8
6
0
0
0
46
90
0
0
0
0
0
0
216
852
1
4
8
0
0
0
349
141
0
0
0
0
0
0
526
756
2
0
0
2
1
0
362
425
0
0
0
0
0
0
793
744
1
2
2
0
0
0
704
693
0
0
0
0
0
0
464
905
0
0
0
0
0
0
132
876
2
0
0
2
1
0
150
264
2
0
0
2
1
0
607
207
2
0
0
9
1
0
159
857
1
5
7
0
0
0
111
491
0
0
0
0
0
0
705
852
0
0
0
0
0
0
597
452
1
8
9
0
0
0
267
459
2
0
0
8
0
0
780
782
1
2
6
0
0
0
833
107
0
0
0
0
0
0
357
39
2
0
0
7
0
0
591
997
2
0
0
8
4
0
426
479
2
0
0
0
0
0
136
16
0
0
0
0
0
0
298
784
0
0
0
0
0
0
903
195
0
0
0
0
0
0
514
213
0
0
0
0
0
0
258
311
1
7
4
0
0
0
816
570
2
0
0
0
4
0
729
708
0
0
0
0
0
0
961
771
1
2
1
0
0
0
790
762
2
0
0
5
4
0
557
634
0
0
0
0
0
0
818
786
0
0
0
0
0
0
212
536
2
0
0
6
0
0
337
428
2
0
0
2
2
0
276
185
0
0
0
0
0
0
991
240
1
7
0
0
0
0
