663
707
1
6
8
0
0
0
498
518
0
0
0
0
0
0
212
459
2
0
0
0
4
0
661
970
2
0
0
1
0
0
481
108
0
0
0
0
0
0
285
384
0
0
0
0
0
0
241
282
2
0
0
2
4
0
252
84
1
2
1
0
0
0
165
537
0
0
0
0
0
0
805
953
1
2
4
0
0
0
450
544
2
0
0
5
4
0
917
364
0
0
0
0
0
0
793
796
0
0
0
0
0
0
477
492
2
0
0
3
2
0
445
713
2
0
0
4
2
0
973
918
0
0
0
0
0
0
319
307
0
0
0
0
0
0
611
348
0
0
0
0
0
0
921
122
2
0
0
1
0
0
506
344
0
0
0
0
0
0
256
435
1
2
3
0
0
0
475
842
1
7
8
0
0
0
221
911
2
0
0
8
1
0
401
97
0
0
0
0
0
0
494
780
0
0
0
0
0
0
785
410
2
0
0
2
4
0
456
166
2
0
0
2
1
0
991
335
1
4
8
0
0
0
790
386
0
0
0
0
0
0
368
760
2
0
0
5
2
0
651
18
1
2
0
0
0
0
295
911
2
0
0
3
3
0
119
455
0
0
0
0
0
0
563
837
1
3
5
0
0
0
744
298
0
0
0
0
0
0
269
120
2
0
0
7
3
0
154
694
2
0
0
1
0
0
622
104
2
0
0
9
1
0
24
671
1
1
0
0
0
0
214
808
2
0
0
3
4
0
317
755
1
9
9
0
0
0
905
556
2
0
0
0
1
0
60
792
0
0
0
0
0
0
329
997
1
8
5
0
0
0
744
475
1
7
7
0
0
0
386
434
2
0
0
9
2
0
616
454
0
0
0
0
0
0
862
498
0
0
0
0
0
0
988
736
2
0
0
4
0
0
436
562
1
5
8
0
0
0
127
661
0
0
0
0
0
0
806
941
1
1
2
0
0
0
825
528
0
0
0
0
0
0
253
365
0
0
0
0
0
0
865
802
1
8
6
0
0
0
366
82
1
6
0
0
0
0
214
308
2
0
0
6
4
0
68
791
1
6
1
0
0
0
289
316
1
4
2
0
0
0
792
964
2
0
0
8
2
0
41
297
2
0
0
7
4
0
282
256
0
0
0
0
0
0
183
821
1
7
3
0
0
0
680
467
2
0
0
6
2
0
365
724
2
0
0
7
4
0
289
901
2
0
0
6
1
0
45
162
2
0
0
7
0
0
486
240
2
0
0
7
2
0
670
497
2
0
0
5
4
0
505
606
2
0
0
5
3
0
597
39
1
7
3
0
0
0
786
604
0
0
0
0
0
0
445
999
2
0
0
9
1
0
926
54
1
9
4
0
0
0
393
669
2
0
0
3
2
0
691
171
2
0
0
5
2
0
170
697
0
0
0
0
0
0
726
575
0
0
0
0
0
0
123
665
2
0
0
9
0
0
494
68
0
0
0
0
0
0
48
426
2
0
0
4
2
0
172
746
0
0
0
0
0
0
732
356
0
0
0
0
0
0
538
53
0
0
0
0
0
0
882
677
0
0
0
0
0
0
588
80
0
0
0
0
0
0
34
888
1
8
9
0
0
0
873
721
2
0
0
6
3
0
215
690
0
0
0
0
0
0
678
577
1
4
6
0
0
0
490
334
1
6
2
0
0
0
617
749
1
5
0
0
0
0
362
63
0
0
0
0
0
0
435
197
2
0
0
9
4
0
973
231
2
0
0
1
0
0
813
947
1
6
0
0
0
0
708
903
1
2
8
0
0
0
447
389
2
0
0
0
3
0
219
580
2
0
0
3
2
0
203
523
2
0
0
2
0
0
733
760
1
1
7
0
0
0
759
710
2
0
0
6
4
0
511
952
0
0
0
0
0
0
380
697
1
3
2
0
0
0
162
832
1
2
8
0
0
0
688
66
1
8
4
0
0
0
313
431
2
0
0
6
2
0
342
381
2
0
0
4
1
0
205
926
2
0
0
6
1
0
69
461
2
0
0
2
1
0
470
740
2
0
0
0
3
0
97
695
2
0
0
1
1
0
605
230
1
1
8
0
0
0
17
263
1
2
4
0
0
0
288
41
0
0
0
0
0
0
336
836
0
0
0
0
0
0
966
725
1
4
3
0
0
0
78
145
0
0
0
0
0
0
482
849
0
0
0
0
0
0
925
133
2
0
0
7
4
0
911
966
2
0
0
5
4
0
287
294
0
0
0
0
0
0
96
212
2
0
0
2
1
0
177
207
1
5
1
0
0
0
649
322
1
6
9
0
0
0
364
452
2
0
0
0
1
0
625
207
1
2
2
0
0
0
822
927
2
0
0
0
4
0
404
45
1
6
4
0
0
0
840
66
2
0
0
2
1
0
134
943
2
0
0
8
4
0
870
522
2
0
0
4
0
0
739
603
0
0
0
0
0
0
94
24
2
0
0
4
4
0
31
417
0
0
0
0
0
0
339
221
2
0
0
3
2
0
524
612
1
5
9
0
0
0
858
549
0
0
0
0
0
0
806
152
2
0
0
5
0
0
816
235
2
0
0
3
0
0
26
268
1
7
0
0
0
0
802
647
0
0
0
0
0
0
768
882
0
0
0
0
0
0
40
547
0
0
0
0
0
0
390
157
2
0
0
9
4
0
495
431
0
0
0
0
0
0
806
511
2
0
0
6
2
0
224
759
2
0
0
1
1
0
439
520
0
0
0
0
0
0
730
5
0
0
0
0
0
0
660
615
0
0
0
0
0
0
486
511
1
2
7
0
0
0
473
303
2
0
0
6
3
0
817
302
2
0
0
2
3
0
473
244
1
2
0
0
0
0
806
506
2
0
0
8
1
0
137
21
2
0
0
8
1
0
795
114
1
3
4
0
0
0
678
449
1
6
6
0
0
0
92
745
0
0
0
0
0
0
640
78
1
6
2
0
0
0
432
263
2
0
0
1
0
0
425
437
2
0
0
4
1
0
60
734
2
0
0
3
4
0
67
558
0
0
0
0
0
0
483
152
2
0
0
9
0
0
277
96
0
0
0
0
0
0
56
768
1
2
5
0
0
0
192
435
1
4
2
0
0
0
132
523
2
0
0
9
4
0
402
114
2
0
0
5
2
0
407
302
0
0
0
0
0
0
705
232
2
0
0
2
0
0
229
849
1
9
6
0
0
0
746
820
1
9
2
0
0
0
954
314
0
0
0
0
0
0
871
583
0
0
0
0
0
0
698
172
0
0
0
0
0
0
894
845
1
5
3
0
0
0
440
456
2
0
0
1
3
0
846
462
1
0
9
0
0
0
396
595
1
4
4
0
0
0
526
971
1
3
4
0
0
0
805
683
2
0
0
7
0
0
302
960
0
0
0
0
0
0
599
226
1
0
5
0
0
0
733
745
1
5
9
0
0
0
719
257
0
0
0
0
0
0
73
651
1
5
4
0
0
0
766
497
2
0
0
7
1
0
658
761
0
0
0
0
0
0
129
413
2
0
0
3
3
0
519
213
1
3
1
0
0
0
658
769
0
0
0
0
0
0
141
996
2
0
0
9
3
0
647
172
1
0
2
0
0
0
813
520
1
1
8
0
0
0
148
911
1
0
8
0
0
0
629
96
0
0
0
0
0
0
262
117
1
8
2
0
0
0
